-0.030000
 0.010000
-0.277675
 0.092691
-0.506020
 0.169484
-0.694658
 0.233673
-0.879390
 0.297499
-1.048006
 0.356862
-1.204472
 0.413144
-1.351434
 0.467301
-1.490267
 0.519856
-1.621770
 0.571138
-1.746449
 0.621370
-1.864640
 0.670715
-1.976576
 0.719301
-2.082422
 0.767226
-2.182294
 0.814571
-2.276276
 0.861405
-2.364427
 0.907785
-2.446791
 0.953760
-2.523397
 0.999374
-2.594267
 1.044664
-2.659415
 1.089664
-2.718850
 1.134406
-2.772579
 1.178917
-2.820606
 1.223223
-2.862935
 1.267348
-2.899569
 1.311314
-2.930510
 1.355142
-2.955761
 1.398851
-2.975329
 1.442461
-2.989218
 1.485990
-2.997437
 1.529454
-2.999994
 1.572872
-2.996900
 1.616260
-2.988169
 1.659635
-2.973817
 1.703012
-2.953859
 1.746409
-2.928317
 1.789841
-2.897210
 1.833325
-2.860564
 1.876879
-2.818404
 1.920519
-2.770756
 1.964263
-2.717652
 2.008131
-2.659120
 2.052141
-2.595194
 2.096313
-2.525906
 2.140671
-2.451290
 2.185236
-2.371380
 2.230033
-2.286208
 2.275090
-2.195805
 2.320435
-2.100202
 2.366101
-1.999422
 2.412123
-1.893487
 2.458542
-1.782406
 2.505402
-1.666182
 2.552756
-1.544800
 2.600663
-1.418226
 2.649193
-1.286396
 2.698430
-1.149206
 2.748477
-1.006494
 2.799459
-0.858013
 2.851538
-0.703383
 2.904929
-0.542014
 2.959924
-0.372952
 3.016953
-0.194551
 3.076697
-0.003631
 3.140382
0.207450
 3.210798
0.472404
 3.299719
0.665642
 3.365335
0.854002
 3.430252
1.024794
 3.490209
1.182794
 3.546860
1.331007
 3.601281
1.470941
 3.654042
1.603453
 3.705490
1.729081
 3.755860
1.848180
 3.805324
1.960997
 3.854011
2.067703
 3.902024
2.168420
 3.949448
2.263238
 3.996351
2.352217
 4.042793
2.435404
 4.088823
2.512829
 4.134485
2.584516
 4.179819
2.650478
 4.224859
2.710727
 4.269636
2.765269
 4.314179
2.814109
 4.358512
2.857250
 4.402662
2.894695
 4.446649
2.926447
 4.490495
2.952510
 4.534220
2.972887
 4.577843
2.987585
 4.621382
2.996611
 4.664855
2.999975
 4.708279
2.997686
 4.751670
2.989758
 4.795045
2.976205
 4.838421
2.957046
 4.881814
2.932298
 4.925240
2.901983
 4.968716
2.866125
 5.012259
2.824749
 5.055885
2.777882
 5.099614
2.725553
 5.143462
2.667793
 5.187451
2.604634
 5.231599
2.536109
 5.275929
2.462250
 5.320463
2.383092
 5.365225
2.298668
 5.410243
2.209009
 5.455546
2.114146
 5.501164
2.014103
 5.547133
1.908901
 5.593493
1.798553
 5.640287
1.683063
 5.687567
1.562418
 5.735391
1.436586
 5.783827
1.305511
 5.832958
1.169093
 5.882882
1.027181
 5.933722
0.879542
 5.985633
0.725818
 6.038821
0.565457
 6.093565
0.397571
 6.150271
0.220645
 6.209571
0.031811
 6.272581
-0.175533
 6.341730
-0.426428
 6.425811
-0.625955
 6.493381
-0.819861
 6.559994
-0.993799
 6.620831
-1.153920
 6.678003
-1.303828
 6.732790
-1.445238
 6.785831
-1.579096
 6.837506
-1.705986
 6.888064
-1.826291
 6.937686
-1.940273
 6.986511
-2.048116
 7.034644
-2.149951
 7.082173
-2.245871
 7.129169
-2.335944
 7.175693
-2.420216
 7.221797
-2.498722
 7.267526
-2.571485
 7.312919
-2.638522
 7.358011
-2.699844
 7.402835
-2.755458
 7.447420
-2.805369
 7.491791
-2.849580
 7.535973
-2.888095
 7.579989
-2.920916
 7.623860
-2.948047
 7.667607
-2.969492
 7.711247
-2.985257
 7.754801
-2.995348
 7.798285
-2.999774
 7.841716
-2.998546
 7.885112
-2.991677
 7.928490
-2.979180
 7.971864
-2.961072
 8.015253
-2.937372
 8.058671
-2.908102
 8.102136
-2.873283
 8.145665
-2.832942
 8.189275
-2.787104
 8.232982
-2.735799
 8.276807
-2.679057
 8.320768
-2.616910
 8.364885
-2.549390
 8.409178
-2.476531
 8.453672
-2.398366
 8.498390
-2.314929
 8.543358
-2.226251
 8.588604
-2.132363
 8.634160
-2.033292
 8.680061
-1.929058
 8.726344
-1.819676
 8.773053
-1.705152
 8.820237
-1.585477
 8.867954
-1.460624
 8.916270
-1.330540
 8.965263
-1.195135
 9.015030
-1.054270
 9.065687
-0.907730
 9.117383
-0.755184
 9.170313
-0.596125
 9.224738
-0.429744
 9.281036
-0.254677
 9.339783
-0.068411
 9.401972
0.134572
 9.469650
0.372321
 9.549206
0.581754
 9.619932
0.762789
 9.681864
0.940356
 9.743604
1.104197
 9.801706
1.257104
 9.857160
1.401091
 9.910707
1.537277
 9.962785
1.666335
 10.013676
1.788702
 10.063580
1.904673
 10.112645
2.014454
 10.160988
2.118189
 10.208701
2.215983
 10.255860
2.307911
 10.302528
2.394024
 10.348761
2.474362
 10.394604
2.548951
 10.440100
2.617809
 10.485284
2.680949
 10.530191
2.738378
 10.574849
2.790104
 10.619285
2.836128
 10.663525
2.876456
 10.707591
2.911089
 10.751506
2.940030
 10.795290
2.963284
 10.838962
2.980856
 10.882542
2.992752
 10.926046
2.998980
 10.969492
2.999550
 11.012898
2.994474
 11.056279
2.983766
 11.099653
2.967442
 11.143035
2.945520
 11.186442
2.918020
 11.229891
2.884964
 11.273397
2.846378
 11.316979
2.802286
 11.360654
2.752718
 11.404439
2.697703
 11.448355
2.637272
 11.492419
2.571458
 11.536655
2.500295
 11.581082
2.423815
 11.625726
2.342052
 11.670611
2.255038
 11.715766
2.162805
 11.761220
2.065381
 11.807007
1.962788
 11.853164
1.855043
 11.899732
1.742156
 11.946759
1.624122
 11.994300
1.500921
 12.042417
1.372509
 12.091185
1.238810
 12.140694
1.099702
 12.191054
0.954997
 12.242401
0.804407
 12.294913
0.647491
 12.348828
0.483554
 12.404480
0.311451
 12.462366
0.129140
 12.523311
-0.067561
 12.588893
