-0.009868
 0.010000
-0.048060
 0.051581
-0.081678
 0.093162
-0.110815
 0.134812
-0.135604
 0.176626
-0.156192
 0.218705
-0.172745
 0.261157
-0.185450
 0.304107
-0.194518
 0.347700
-0.200184
 0.392116
-0.202712
 0.437589
-0.202399
 0.484441
-0.199576
 0.533150
-0.194617
 0.584516
-0.187928
 0.640141
-0.179852
 0.704797
-0.173635
 0.763110
-0.169921
 0.815903
-0.168897
 0.868779
-0.171085
 0.918481
-0.176588
 0.966089
-0.185540
 1.012288
-0.198069
 1.057487
-0.214287
 1.101965
-0.234287
 1.145930
-0.258136
 1.189551
-0.285886
 1.232973
-0.317565
 1.276331
-0.353187
 1.319751
-0.392747
 1.363364
-0.436234
 1.407312
-0.483629
 1.451753
-0.534921
 1.496879
-0.590122
 1.542933
-0.649307
 1.590245
-0.712688
 1.639312
-0.780803
 1.690962
-0.855140
 1.746901
-0.941505
 1.812551
-1.013650
 1.869102
-1.075904
 1.920222
-1.134394
 1.971390
-1.184995
 2.019444
-1.228698
 2.065336
-1.266065
 2.109703
-1.297351
 2.152928
-1.322673
 2.195267
-1.342078
 2.236906
-1.355580
 2.277989
-1.363177
 2.318635
-1.364860
 2.358941
-1.360620
 2.398993
-1.350451
 2.438871
-1.334355
 2.478644
-1.312340
 2.518384
-1.284421
 2.558157
-1.250621
 2.598033
-1.210971
 2.638083
-1.165504
 2.678384
-1.114256
 2.719021
-1.057259
 2.760089
-0.994535
 2.801701
-0.926083
 2.843993
-0.851861
 2.887139
-0.771749
 2.931366
-0.685489
 2.976994
-0.592543
 3.024508
-0.491762
 3.074737
-0.380326
 3.129404
-0.247864
 3.194115
-0.135509
 3.249555
-0.025288
 3.305178
0.071098
 3.355468
0.157870
 3.402661
0.237101
 3.447939
0.309674
 3.491881
0.376039
 3.534832
0.436456
 3.577027
0.491087
 3.618641
0.540045
 3.659811
0.583418
 3.700650
0.621280
 3.741255
0.653702
 3.781715
0.680761
 3.822110
0.702536
 3.862517
0.719117
 3.903013
0.730606
 3.943677
0.737114
 3.984592
0.738767
 4.025848
0.735700
 4.067546
0.728061
 4.109804
0.716006
 4.152765
0.699695
 4.196607
0.679286
 4.241564
0.654914
 4.287965
0.626657
 4.336303
0.594439
 4.387417
0.557720
 4.443031
0.513763
 4.508630
0.476357
 4.565707
0.440765
 4.623173
0.411344
 4.675086
0.386767
 4.723876
0.366487
 4.770780
0.350328
 4.816404
0.338234
 4.861115
0.330189
 4.905167
0.326185
 4.948754
0.326215
 4.992035
0.330257
 5.035146
0.338280
 5.078215
0.350234
 5.121364
0.366056
 5.164719
0.385665
 5.208413
0.408968
 5.252599
0.435861
 5.297458
0.466238
 5.343217
0.500006
 5.390183
0.537118
 5.438804
0.577657
 5.489808
0.622089
 5.544607
0.672464
 5.607069
0.718070
 5.665720
0.756462
 5.718400
0.791440
 5.771166
0.820070
 5.820354
0.843060
 5.867165
0.860753
 5.912354
0.873262
 5.956356
0.880611
 5.999454
0.882783
 6.041853
0.879749
 6.083711
0.871474
 6.125154
0.857928
 6.166292
0.839087
 6.207220
0.814936
 6.248025
0.785470
 6.288791
0.750694
 6.329599
0.710620
 6.370532
0.665268
 6.411677
0.614662
 6.453128
0.558826
 6.494992
0.497773
 6.537393
0.431499
 6.580482
0.359955
 6.624449
0.283017
 6.669552
0.200407
 6.716156
0.111534
 6.764835
0.015069
 6.816618
-0.092616
 6.873880
-0.214203
 6.938834
-0.312131
 6.992182
-0.407195
 7.045627
-0.491055
 7.094849
-0.566311
 7.141405
-0.634363
 7.186213
-0.695849
 7.229764
-0.751098
 7.272364
-0.800296
 7.314229
-0.843558
 7.355520
-0.880956
 7.396366
-0.912544
 7.436873
-0.938368
 7.477134
-0.958472
 7.517230
-0.972904
 7.557239
-0.981717
 7.597233
-0.984973
 7.637284
-0.982744
 7.677463
-0.975107
 7.717847
-0.962153
 7.758518
-0.943979
 7.799564
-0.920686
 7.841089
-0.892378
 7.883215
-0.859154
 7.926089
-0.821096
 7.969902
-0.778248
 8.014908
-0.730575
 8.061469
-0.677866
 8.110149
-0.619496
 8.161953
-0.553547
 8.219141
-0.470124
 8.291331
-0.409243
 8.345197
-0.350578
 8.399206
-0.299296
 8.449171
-0.253950
 8.496613
-0.213795
 8.542422
-0.178508
 8.587082
-0.147931
 8.630901
-0.121975
 8.674102
-0.100581
 8.716854
-0.083698
 8.759299
-0.071277
 8.801557
-0.063258
 8.843741
-0.059573
 8.885955
-0.060139
 8.928306
-0.064859
 8.970903
-0.073619
 9.013867
-0.086292
 9.057335
-0.102737
 9.101470
-0.122804
 9.146475
-0.146343
 9.192621
-0.173220
 9.240295
-0.203365
 9.290099
-0.236897
 9.343123
-0.274626
 9.401918
-0.315368
 9.466881
-0.347353
 9.521180
-0.376406
 9.575638
-0.399640
 9.625876
-0.417793
 9.673466
-0.431180
 9.719323
-0.439886
 9.763944
-0.443913
 9.807646
-0.443233
 9.850650
-0.437811
 9.893129
-0.427611
 9.935221
-0.412607
 9.977044
-0.392782
 10.018703
-0.368129
 10.060296
-0.338656
 10.101917
-0.304379
 10.143662
-0.265325
 10.185631
-0.221525
 10.227933
-0.173013
 10.270691
-0.119817
 10.314050
-0.061943
 10.358192
0.000647
 10.403353
0.068080
 10.449859
0.140676
 10.498207
0.219186
 10.549238
0.305595
 10.604706
0.407600
 10.670376
0.492401
 10.726122
0.574504
 10.782110
0.644971
 10.832706
0.706966
 10.880138
0.762012
 10.925595
0.810732
 10.969660
0.853423
 11.012683
0.890239
 11.054903
0.921262
 11.096497
0.946538
 11.137601
0.966096
 11.178331
0.979959
 11.218782
0.988149
 11.259041
0.990693
 11.299187
0.987623
 11.339294
0.978982
 11.379436
0.964818
 11.419687
0.945190
 11.460122
0.920164
 11.500823
0.889813
 11.541880
0.854210
 11.583396
0.813429
 11.625492
0.767528
 11.668316
0.716542
 11.712054
0.660451
 11.756959
0.599129
 11.803389
0.532224
 11.851902
0.458856
 11.903488
0.376533
 11.960374
0.273014
 12.031917
0.197032
 12.085500
0.123456
 12.139212
0.058708
 12.188833
0.000900
 12.235887
-0.050968
 12.281270
-0.097338
 12.325466
-0.138439
 12.368783
-0.174397
 12.411437
-0.205295
 12.453596
-0.231193
 12.495392
-0.252146
 12.536942
-0.268208
 12.578346
-0.279441
 12.619700
-0.285916
 12.661094
-0.287716
 12.702621
-0.284936
 12.744376
-0.277685
 12.786462
-0.266083
 12.828995
-0.250263
 12.872112
-0.230364
 12.915978
-0.206526
 12.960805
-0.178877
 13.006880
-0.147504
 13.054620
-0.112381
 13.104699
-0.073170
 13.158381
-0.028338
 13.218906
0.015899
 13.279755
0.052785
 13.333113
0.086908
 13.386575
0.115263
 13.436289
0.138566
 13.483592
0.157150
 13.529296
0.171127
 13.573857
0.180525
 13.617572
0.185342
 13.660652
0.185565
 13.703266
0.181183
 13.745549
0.172193
 13.787620
0.158601
 13.829586
0.140428
 13.871549
0.117703
 13.913610
0.090471
 13.955874
0.058784
 13.998454
0.022703
 14.041475
-0.017712
 14.085085
-0.062408
 14.129470
-0.111360
 14.174864
-0.164603
 14.221599
-0.222309
 14.270168
-0.284970
 14.321413
-0.354011
 14.377076
-0.435191
 14.442822
-0.502700
 14.498962
-0.567500
 14.555397
-0.622294
 14.606338
-0.669632
 14.654078
-0.710699
 14.699827
-0.745957
 14.744180
-0.775608
 14.787490
-0.799746
 14.830001
-0.818412
 14.871892
-0.831621
 14.913303
-0.839382
 14.954350
-0.841699
 14.995135
-0.838581
 15.035746
-0.830045
 15.076266
-0.816115
 15.116773
-0.796823
 15.157347
-0.772213
 15.198067
-0.742335
 15.239017
-0.707244
 15.280290
-0.667002
 15.321988
-0.621663
 15.364233
-0.571274
 15.407173
-0.515852
 15.450991
-0.455361
 15.495937
-0.389656
 15.542361
-0.318364
 15.590805
-0.240584
 15.642223
-0.153828
 15.698724
-0.046646
 15.768638
0.034344
 15.822561
0.112783
 15.876625
0.181503
 15.926342
0.242718
 15.973361
0.297580
 16.018634
0.346596
 16.062664
0.390018
 16.105768
0.427988
 16.148165
0.460588
 16.190024
0.487877
 16.231476
0.509901
 16.272636
0.526704
 16.313600
0.538334
 16.354459
0.544847
 16.395298
0.546306
 16.436200
0.542788
 16.477249
0.534378
 16.518534
0.521174
 16.560150
0.503282
 16.602207
0.480816
 16.644832
0.453891
 16.688176
0.422615
 16.732437
0.387074
 16.777873
0.347296
 16.824859
0.303178
 16.873976
0.254279
 16.926267
0.199063
 16.984130
0.136538
 17.049974
0.086632
 17.104230
0.039228
 17.158636
-0.001246
 17.208802
-0.036033
 17.256336
-0.065738
 17.302168
-0.090597
 17.346799
-0.110711
 17.390544
-0.126123
 17.433628
-0.136852
 17.476221
-0.142912
 17.518465
-0.144321
 17.560480
-0.141103
 17.602372
-0.133293
 17.644244
-0.120938
 17.686195
-0.104099
 17.728327
-0.082846
 17.770749
-0.057261
 17.813581
-0.027433
 17.856963
0.006549
 17.901065
0.044606
 17.946104
0.086692
 17.992372
0.132838
 18.040299
0.183262
 18.090579
0.238689
 18.144538
0.301765
 18.205684
0.361664
 18.264940
0.412762
 18.317700
0.460758
 18.370544
0.501708
 18.419732
0.536630
 18.466524
0.566050
 18.511702
0.590182
 18.555707
0.609112
 18.598827
0.622870
 18.641269
0.631463
 18.683192
0.634889
 18.724724
0.633144
 18.765976
0.626233
 18.807043
0.614165
 18.848018
0.596962
 18.888983
0.574652
 18.930026
0.547277
 18.971232
0.514885
 19.012694
0.477529
 19.054514
0.435266
 19.096807
0.388146
 19.139713
0.336204
 19.183402
0.279435
 19.228095
0.217761
 19.274100
0.150942
 19.321870
0.078388
 19.372164
-0.001445
 19.426487
-0.093953
 19.489208
-0.177500
 19.546689
-0.250166
 19.598211
-0.319759
 19.649783
-0.381257
 19.698104
-0.435928
 19.744236
-0.484494
 19.788865
-0.527297
 19.832392
-0.564511
 19.875084
-0.596230
 19.917132
-0.622512
 19.958688
-0.643393
 19.999872
-0.658908
 20.040789
-0.669088
 20.081532
-0.673971
 20.122186
-0.673604
 20.162833
-0.668042
 20.203552
-0.657350
 20.244425
-0.641603
 20.285540
-0.620885
 20.326989
-0.595288
 20.368881
-0.564905
 20.411339
-0.529828
 20.454514
-0.490132
 20.498600
-0.445858
 20.543852
-0.396971
 20.590639
-0.343262
 20.639531
-0.284107
 20.691550
-0.217565
 20.749021
-0.133155
 20.822229
-0.073268
 20.875700
-0.015934
 20.929309
0.033867
 20.978963
0.077510
 21.026109
0.115706
 21.071610
0.148759
 21.115938
0.176812
 21.159397
0.199938
 21.202202
0.218178
 21.244518
0.231564
 21.286482
0.240125
 21.328209
0.243895
 21.369802
0.242918
 21.411359
0.237249
 21.452974
0.226954
 21.494742
0.212111
 21.536764
0.192811
 21.579151
0.169151
 21.622029
0.141237
 21.665546
0.109170
 21.709889
0.073036
 21.755303
0.032880
 21.802129
-0.011359
 21.850886
-0.060001
 21.902471
-0.114153
 21.958790
-0.179001
 22.026559
-0.230364
 22.082030
-0.279111
 22.137751
-0.320057
 22.188509
-0.354834
 22.236303
-0.384197
 22.282225
-0.408427
 22.326831
-0.427635
 22.370463
-0.441861
 22.413356
-0.451116
 22.455688
-0.455399
 22.497601
-0.454710
 22.539214
-0.449052
 22.580632
-0.438440
 22.621949
-0.422895
 22.663258
-0.402452
 22.704648
-0.377155
 22.746212
-0.347056
 22.788048
-0.312216
 22.830267
-0.272699
 22.872992
-0.228561
 22.916376
-0.179843
 22.960606
-0.126546
 23.005934
-0.068584
 23.052712
-0.005688
 23.101486
0.062855
 23.153211
0.139099
 23.209998
0.232757
 23.280170
0.303012
 23.334265
0.370485
 23.388520
0.428877
 23.438371
0.480117
 23.485483
0.525190
 23.530817
0.564515
 23.574881
0.598287
 23.617993
0.626608
 23.660376
0.649528
 23.702197
0.667078
 23.743589
0.679279
 23.784666
0.686152
 23.825524
0.687723
 23.866253
0.684025
 23.906935
0.675100
 23.947652
0.661000
 23.988485
0.641786
 24.029519
0.617528
 24.070844
0.588304
 24.112563
0.554192
 24.154792
0.515271
 24.197672
0.471602
 24.241377
0.423218
 24.286136
0.370081
 24.332267
0.312008
 24.380249
0.248483
 24.430888
0.178063
 24.485830
0.095240
 24.550179
0.023475
 24.606867
-0.039278
 24.658119
-0.099082
 24.709418
-0.151801
 24.757677
-0.198401
 24.803875
-0.239431
 24.848650
-0.275149
 24.892384
-0.305683
 24.935336
-0.331105
 24.977694
-0.351459
 25.019607
-0.366778
 25.061200
-0.377096
 25.102578
-0.382452
 25.143839
-0.382890
 25.185073
-0.378469
 25.226371
-0.369256
 25.267821
-0.355331
 25.309521
-0.336783
 25.351573
-0.313711
 25.394097
-0.286219
 25.437232
-0.254410
 25.481150
-0.218372
 25.526076
-0.178156
 25.572314
-0.133726
 25.620321
-0.084833
 25.670847
-0.030645
 25.725378
0.032078
 25.788151
0.088955
 25.846228
0.137877
 25.898342
0.183854
 25.950522
0.223368
 25.999386
0.257248
 26.046041
0.285927
 26.091194
0.309588
 26.135255
0.328305
 26.178499
0.342108
 26.221124
0.351009
 26.263286
0.355015
 26.305112
0.354137
 26.346715
0.348391
 26.388195
0.337806
 26.429645
0.322419
 26.471159
0.302281
 26.512830
0.277452
 26.554758
0.247999
 26.597053
0.213998
 26.639839
0.175521
 26.683266
0.132631
 26.727520
0.085360
 26.772847
0.033672
 26.819588
-0.022616
 26.868269
-0.084049
 26.919798
-0.152239
 26.976127
-0.234396
 27.044316
-0.298826
 27.099294
-0.360566
 27.154480
-0.413367
 27.204857
-0.459231
 27.252323
-0.499129
 27.297936
-0.533455
 27.342236
-0.562384
 27.385558
-0.585999
 27.428134
-0.604340
 27.470135
-0.617426
 27.511701
-0.625269
 27.552947
-0.627885
 27.593972
-0.625292
 27.634869
-0.617519
 27.675722
-0.604603
 27.716615
-0.586591
 27.757631
-0.563540
 27.798860
-0.535515
 27.840395
-0.502588
 27.882343
-0.464830
 27.924828
-0.422308
 27.967998
-0.375069
 28.012042
-0.323121
 28.057211
-0.266380
 28.103858
-0.204576
 28.152532
-0.136989
 28.204198
-0.061529
 28.261001
0.031828
 28.331533
0.101500
 28.385514
0.168549
 28.439648
0.226817
 28.489474
0.278157
 28.536616
0.323519
 28.582017
0.363309
 28.626179
0.397723
 28.669417
0.426862
 28.711952
0.450783
 28.753951
0.469522
 28.795550
0.483110
 28.836861
0.491579
 28.877985
0.494964
 28.919014
0.493312
 28.960033
0.486678
 29.001129
0.475127
 29.042390
0.458738
 29.083908
0.437596
 29.125785
0.411795
 29.168137
0.381432
 29.211101
0.346599
 29.254847
0.307372
 29.299593
0.263782
 29.345638
0.215764
 29.393427
0.163026
 29.443687
0.104666
 29.497838
0.037368
 29.559812
-0.025015
 29.618182
-0.078902
 29.670491
-0.129919
 29.722869
-0.174118
 29.771829
-0.212472
 29.818531
-0.245499
 29.863706
-0.273421
 29.907777
-0.296338
 29.951021
-0.314298
 29.993639
-0.327324
 30.035790
-0.335434
 30.077601
-0.338644
 30.119185
-0.336980
 30.160641
-0.330476
 30.202065
-0.319177
 30.243548
-0.303137
 30.285183
-0.282425
 30.327071
-0.257116
 30.369317
-0.227294
 30.412046
-0.193045
 30.455405
-0.154447
 30.499574
-0.111554
 30.544792
-0.064368
 30.591390
-0.012763
 30.639868
0.043680
 30.691079
0.106248
 30.746804
0.180361
 30.812936
0.241513
 30.868933
0.300148
 30.925215
0.349753
 30.976163
0.392527
 31.023995
0.429484
 31.069889
0.461015
 31.114428
0.487289
 31.157964
0.508379
 31.200736
0.524319
 31.242926
0.535124
 31.284676
0.540803
 31.326103
0.541368
 31.367312
0.536837
 31.408396
0.527237
 31.449444
0.512605
 31.490541
0.492986
 31.531775
0.468440
 31.573238
0.439030
 31.615029
0.404826
 31.657261
0.365901
 31.700065
0.322315
 31.743604
0.274109
 31.788083
0.221271
 31.833782
0.163679
 31.881107
0.100973
 31.930710
0.032176
 31.983810
-0.045835
 32.043479
-0.124858
 32.104563
-0.191348
 32.157495
-0.254968
 32.210512
-0.310461
 32.259730
-0.359287
 32.306493
-0.402221
 32.351621
-0.439606
 32.395570
-0.471606
 32.438632
-0.498306
 32.481017
-0.519753
 32.522886
-0.535975
 32.564368
-0.546998
 32.605573
-0.552849
 32.646598
-0.553560
 32.687534
-0.549173
 32.728465
-0.539738
 32.769475
-0.525319
 32.810652
-0.505987
 32.852087
-0.481823
 32.893880
-0.452912
 32.936146
-0.419345
 32.979022
-0.381201
 33.022673
-0.338542
 33.067316
-0.291380
 33.113247
-0.239620
 33.160902
-0.182927
 33.210993
-0.120317
 33.264902
-0.048335
 33.326385
0.018972
 33.384667
0.077524
 33.437084
0.133225
 33.489571
0.181728
 33.538562
0.224141
 33.585256
0.261060
 33.630402
0.292748
 33.674428
0.319326
 33.717615
0.340857
 33.760167
0.357372
 33.802242
0.368897
 33.843967
0.375453
 33.885455
0.377069
 33.926804
0.373782
 33.968108
0.365639
 34.009458
0.352697
 34.050943
0.335025
 34.092660
0.312703
 34.134712
0.285818
 34.177218
0.254461
 34.220313
0.218720
 34.264169
0.178666
 34.309002
0.134329
 34.355110
0.085645
 34.402931
0.032331
 34.453181
-0.026489
 34.507249
-0.093990
 34.568919
-0.156780
 34.627275
-0.211101
 34.679714
-0.262458
 34.732225
-0.306799
 34.781232
-0.345146
 34.827929
-0.378039
 34.873067
-0.405708
 34.917073
-0.428255
 34.960229
-0.445724
 35.002737
-0.458134
 35.044756
-0.465498
 35.086413
-0.467826
 35.127819
-0.465137
 35.169072
-0.457454
 35.210264
-0.444814
 35.251484
-0.427262
 35.292821
-0.404856
 35.334367
-0.377661
 35.376222
-0.345748
 35.418499
-0.309193
 35.461327
-0.268065
 35.504865
-0.222415
 35.549315
-0.172250
 35.594947
-0.117483
 35.642151
-0.057820
 35.691545
0.007557
 35.744262
0.081217
 35.803034
0.159396
 35.866014
0.223743
 35.919429
0.285246
 35.972949
0.338576
 36.022458
0.385257
 36.069411
0.426083
 36.114677
0.461395
 36.158733
0.491352
 36.201881
0.516033
 36.244335
0.535478
 36.286260
0.549712
 36.327786
0.558756
 36.369026
0.562629
 36.410078
0.561361
 36.451032
0.554989
 36.491974
0.543559
 36.532988
0.527127
 36.574160
0.505762
 36.615583
0.479537
 36.657356
0.448534
 36.699592
0.412835
 36.742427
0.372514
 36.786025
0.327622
 36.830599
0.278161
 36.876440
0.224022
 36.923972
0.164854
 36.973889
0.099661
 37.027516
0.025061
 37.088364
-0.046449
 37.147416
-0.108145
 37.199996
-0.166989
 37.252650
-0.218307
 37.301709
-0.263328
 37.348420
-0.302712
 37.393554
-0.336751
 37.437549
-0.365584
 37.480689
-0.389280
 37.523180
-0.407879
 37.565181
-0.421408
 37.606820
-0.429891
 37.648208
-0.433355
 37.689444
-0.431838
 37.730619
-0.425384
 37.771822
-0.414052
 37.813142
-0.397906
 37.854670
-0.377027
 37.896507
-0.351499
 37.938763
-0.321414
 37.981567
-0.286862
 38.025075
-0.247920
 38.069487
-0.204635
 38.115067
-0.156978
 38.162195
-0.104755
 38.211469
-0.047349
 38.263969
0.017239
 38.322232
0.088109
 38.386715
0.145433
 38.440560
0.200019
 38.494533
0.246940
 38.544354
0.287609
 38.591565
0.322735
 38.637067
0.352612
 38.681352
0.377368
 38.724728
0.397064
 38.767416
0.411728
 38.809581
0.421374
 38.851360
0.426018
 38.892866
0.425677
 38.934202
0.420379
 38.975461
0.410160
 39.016733
0.395068
 39.058108
0.375160
 39.099678
0.350504
 39.141544
0.321176
 39.183815
0.287256
 39.226621
0.248819
 39.270116
0.205930
 39.314498
0.158613
 39.360026
0.106814
 39.407076
0.050301
 39.456232
-0.011601
 39.508543
-0.080992
 39.566439
-0.158570
 39.631691
-0.220765
 39.685601
-0.280180
 39.739644
-0.331406
 39.789453
-0.376038
 39.836607
-0.414881
 39.882028
-0.448276
 39.926211
-0.476375
 39.969467
-0.499252
 40.012019
-0.516944
 40.054031
-0.529470
 40.095639
-0.536847
 40.136956
-0.539093
 40.178082
-0.536235
 40.219107
-0.528305
 40.260119
-0.515350
 40.301204
-0.497422
 40.342448
-0.474587
 40.383944
-0.446917
 40.425795
-0.414490
 40.468115
-0.377384
 40.511041
-0.335669
 40.554743
-0.289388
 40.599437
-0.238531
 40.645424
-0.182969
 40.693145
-0.122305
 40.743326
-0.055420
 40.797386
0.021600
 40.859258
0.093062
 40.917512
0.154932
 40.969644
0.213862
 41.021840
0.265362
 41.070621
0.310571
 41.117140
0.350113
 41.162123
0.384267
 41.205991
0.413167
 41.249020
0.436880
 41.291409
0.455445
 41.333313
0.468887
 41.374859
0.477229
 41.416156
0.480499
 41.457301
0.478731
 41.498384
0.471971
 41.539492
0.460273
 41.580712
0.443703
 41.622135
0.422336
 41.663858
0.396256
 41.705990
0.365552
 41.748657
0.330311
 41.792009
0.290608
 41.836239
0.246489
 41.881601
0.197926
 41.928455
0.144738
 41.977360
0.086357
 42.029305
0.021014
 42.086509
-0.060383
 42.158199
-0.119679
 42.212067
-0.176300
 42.266091
-0.225091
 42.315932
-0.267534
 42.363147
-0.304380
 42.408649
-0.335940
 42.452930
-0.362354
 42.496301
-0.383689
 42.538982
-0.399979
 42.581141
-0.411242
 42.622913
-0.417498
 42.664412
-0.418767
 42.705741
-0.415079
 42.746992
-0.406474
 42.788256
-0.393000
 42.829623
-0.374719
 42.871184
-0.351702
 42.913040
-0.324027
 42.955300
-0.291779
 42.998093
-0.255040
 43.041573
-0.213878
 43.085935
-0.168330
 43.131438
-0.118356
 43.178454
-0.063750
 43.227558
-0.003889
 43.279785
0.063177
 43.337498
0.139133
 43.403362
0.199591
 43.457407
0.257301
 43.511593
0.306942
 43.561496
0.350085
 43.608723
0.387519
 43.654209
0.419570
 43.698454
0.446386
 43.741771
0.468036
 43.784384
0.484552
 43.826459
0.495952
 43.868133
0.502252
 43.909518
0.503469
 43.950716
0.499628
 43.991820
0.490764
 44.032915
0.476920
 44.074091
0.458153
 44.115435
0.434526
 44.157043
0.406113
 44.199018
0.372990
 44.241479
0.335236
 44.284569
0.292917
 44.328463
0.246071
 44.373391
0.194675
 44.419671
0.138573
 44.467780
0.077299
 44.518521
0.009520
 44.573527
-0.069886
 44.637832
-0.138684
 44.694638
-0.198573
 44.745949
-0.255391
 44.797309
-0.305144
 44.845591
-0.348764
 44.891781
-0.386775
 44.936525
-0.419417
 44.980209
-0.446805
 45.023091
-0.468997
 45.065361
-0.486025
 45.107167
-0.497912
 45.148634
-0.504680
 45.189865
-0.506355
 45.230957
-0.502970
 45.271998
-0.494571
 45.313075
-0.481212
 45.354274
-0.462956
 45.395686
-0.439879
 45.437409
-0.412063
 45.479552
-0.379593
 45.522243
-0.342551
 45.565635
-0.301006
 45.609925
-0.254990
 45.655372
-0.204457
 45.702350
-0.149183
 45.751443
-0.088511
 45.803698
-0.020382
 45.861538
0.056058
 45.926868
0.117380
 45.980817
0.176012
 46.034901
0.226618
 46.084757
0.270761
 46.131970
0.309232
 46.177460
0.342360
 46.221723
0.370299
 46.265072
0.393121
 46.307728
0.410863
 46.349858
0.423549
 46.391597
0.431199
 46.433060
0.433836
 46.474348
0.431491
 46.515555
0.424204
 46.556769
0.412026
 46.598080
0.395019
 46.639580
0.373254
 46.681364
0.346812
 46.723544
0.315780
 46.766243
0.280240
 46.809613
0.240269
 46.853843
0.195911
 46.899182
0.147143
 46.945984
0.093792
 46.994795
0.035320
 47.046569
-0.029934
 47.103412
-0.110040
 47.173562
-0.170262
 47.227894
-0.227820
 47.282402
-0.277235
 47.332483
-0.320149
 47.379827
-0.357377
 47.425403
-0.389254
 47.469723
-0.415928
 47.513108
-0.437469
 47.555783
-0.453910
 47.597917
-0.465270
 47.639648
-0.471564
 47.681090
-0.472810
 47.722346
-0.469035
 47.763508
-0.460273
 47.804665
-0.446569
 47.845905
-0.427980
 47.887318
-0.404571
 47.929001
-0.376418
 47.971058
-0.343598
 48.013611
-0.306190
 48.056805
-0.264262
 48.100820
-0.217852
 48.145892
-0.166936
 48.192352
-0.111347
 48.240697
-0.050590
 48.291779
0.016780
 48.347372
0.096701
 48.413342
0.162951
 48.469278
0.226767
 48.525488
0.281121
 48.576372
0.328402
 48.624149
0.369727
 48.669996
0.405535
 48.714495
0.436022
 48.757996
0.461283
 48.800739
0.481366
 48.842905
0.496296
 48.884635
0.506093
 48.926048
0.510778
 48.967246
0.510376
 49.008324
0.504922
 49.049370
0.494460
 49.090469
0.479045
 49.131710
0.458743
 49.173183
0.433627
 49.214989
0.403779
 49.257241
0.369281
 49.300070
0.330210
 49.343640
0.286624
 49.388157
0.238539
 49.433901
0.185869
 49.481282
0.128315
 49.530953
0.065013
 49.584145
-0.006880
 49.643957
-0.079438
 49.704996
-0.140499
 49.758004
-0.198730
 49.811101
-0.249298
 49.860412
-0.293520
 49.907279
-0.332088
 49.952521
-0.365302
 49.996592
-0.393302
 50.039786
-0.416157
 50.082314
-0.433903
 50.124336
-0.446564
 50.165985
-0.454161
 50.207370
-0.456718
 50.248592
-0.454267
 50.289742
-0.446850
 50.330909
-0.434520
 50.372181
-0.417339
 50.413648
-0.395380
 50.455409
-0.368726
 50.497572
-0.337462
 50.540262
-0.301672
 50.583632
-0.261431
 50.627873
-0.216781
 50.673236
-0.167694
 50.720081
-0.113986
 50.768962
-0.055090
 50.820858
0.010745
 50.877952
0.092358
 50.949157
0.152378
 51.003152
0.209711
 51.057309
0.259070
 51.107209
0.301997
 51.154448
0.339270
 51.199955
0.371209
 51.244229
0.397960
 51.287583
0.419592
 51.330238
0.436139
 51.372364
0.447619
 51.414094
0.454050
 51.455544
0.455451
 51.496815
0.451850
 51.538000
0.443285
 51.579188
0.429802
 51.620468
0.411460
 51.661929
0.388327
 51.703671
0.360480
 51.745798
0.328000
 51.788437
0.290967
 51.831734
0.249450
 51.875876
0.203487
 51.921107
0.153049
 51.967772
0.097956
 52.016397
0.037670
 52.067898
-0.029419
 52.124246
-0.110594
 52.192648
-0.174037
 52.247547
-0.234887
 52.302649
-0.287047
 52.353011
-0.332443
 52.400501
-0.372012
 52.446161
-0.406133
 52.490530
-0.434980
 52.533938
-0.458633
 52.576616
-0.477133
 52.618738
-0.490502
 52.660442
-0.498759
 52.701844
-0.501923
 52.743047
-0.500020
 52.784143
-0.493085
 52.825220
-0.481163
 52.866364
-0.464310
 52.907665
-0.442591
 52.949216
-0.416080
 52.991118
-0.384859
 53.033488
-0.349007
 53.076463
-0.308598
 53.120213
-0.263683
 53.164957
-0.214258
 53.210995
-0.160208
 53.258771
-0.101154
 53.309017
-0.036018
 53.363162
0.039039
 53.425192
0.108403
 53.483417
0.168385
 53.535531
0.225412
 53.587710
0.275143
 53.636491
0.318667
 53.683018
0.356581
 53.728014
0.389148
 53.771896
0.416493
 53.814941
0.438678
 53.857348
0.455735
 53.899271
0.467688
 53.940838
0.474558
 53.982157
0.476368
 54.023325
0.473153
 54.064434
0.464955
 54.105570
0.451827
 54.146821
0.433833
 54.188278
0.411047
 54.230040
0.383549
 54.272215
0.351425
 54.314932
0.314759
 54.358343
0.273621
 54.402644
0.228045
 54.448094
0.177991
 54.495064
0.123247
 54.544130
0.063180
 54.596328
-0.004188
 54.654029
-0.080487
 54.719821
-0.141335
 54.773855
-0.199485
 54.828028
-0.249592
 54.877932
-0.293230
 54.925171
-0.331191
 54.970676
-0.363806
 55.014948
-0.391222
 55.058299
-0.413513
 55.100952
-0.430713
 55.143075
-0.442844
 55.184803
-0.449923
 55.226250
-0.451973
 55.267519
-0.449022
 55.308702
-0.441108
 55.349888
-0.428279
 55.391166
-0.410596
 55.432626
-0.388127
 55.474365
-0.360951
 55.516491
-0.329150
 55.559127
-0.292807
 55.602422
-0.251993
 55.646561
-0.206750
 55.691788
-0.157053
 55.738447
-0.102733
 55.787063
-0.043267
 55.838547
0.022913
 55.894859
0.102887
 55.963118
0.165607
 56.018093
0.225750
 56.073275
0.277246
 56.123685
0.322018
 56.171210
0.360995
 56.216900
0.394554
 56.261296
0.422862
 56.304731
0.446000
 56.347436
0.464006
 56.389585
0.476903
 56.431316
0.484707
 56.472748
0.487438
 56.513980
0.485121
 56.555108
0.477792
 56.596220
0.465495
 56.637402
0.448286
 56.678743
0.426232
 56.720339
0.399406
 56.762291
0.367888
 56.804718
0.331759
 56.847759
0.291092
 56.891587
0.245933
 56.936424
0.196277
 56.982579
0.141996
 57.030510
0.082688
 57.080977
0.017191
 57.135492
-0.058757
 57.198443
-0.127147
 57.256131
-0.186359
 57.307909
-0.242562
 57.359745
-0.291615
 57.408323
-0.334524
 57.454717
-0.371845
 57.499616
-0.403824
 57.543424
-0.430581
 57.586409
-0.452173
 57.628768
-0.468630
 57.670651
-0.479975
 57.712185
-0.486227
 57.753476
-0.487411
 57.794622
-0.483559
 57.835712
-0.474715
 57.876834
-0.460931
 57.918075
-0.442269
 57.959525
-0.418805
 58.001284
-0.390617
 58.043461
-0.357790
 58.086184
-0.320406
 58.129607
-0.278531
 58.173927
-0.232195
 58.219406
-0.181350
 58.266418
-0.125769
 58.315549
-0.064782
 58.367856
0.003704
 58.425787
0.080112
 58.490885
0.141547
 58.544788
0.200267
 58.598822
0.250946
 58.648646
0.295140
 58.695832
0.333640
 58.741297
0.366775
 58.785535
0.394696
 58.828858
0.417477
 58.871486
0.435155
 58.913586
0.447752
 58.955293
0.455287
 58.996720
0.457782
 59.037970
0.455267
 59.079135
0.447781
 59.120303
0.435372
 59.161562
0.418102
 59.203003
0.396040
 59.244723
0.369265
 59.286829
0.337861
 59.329443
0.301911
 59.372713
0.261488
 59.416824
0.216636
 59.462019
0.167335
 59.508637
0.113423
 59.557199
0.054392
 59.608604
-0.011275
 59.664771
-0.090311
 59.732535
-0.153029
 59.787716
-0.213206
 59.843117
-0.264657
 59.893638
-0.309366
 59.941232
-0.348285
 59.986973
-0.381796
 60.031410
-0.410070
 60.074880
-0.433187
 60.117616
-0.451187
 60.159793
-0.464092
 60.201552
-0.471918
 60.243009
-0.474685
 60.284267
-0.472420
 60.325420
-0.465157
 60.366557
-0.452942
 60.407765
-0.435831
 60.449134
-0.413890
 60.490758
-0.387194
 60.532741
-0.355823
 60.575201
-0.319859
 60.618280
-0.279374
 60.662150
-0.234418
 60.707038
-0.184981
 60.753254
-0.130937
 60.801264
-0.071874
 60.851842
-0.006604
 60.906542
0.069324
 60.969959
0.136791
 61.027365
0.195268
 61.078998
0.250713
 61.130686
0.299096
 61.179178
0.341379
 61.225517
0.378097
 61.270378
0.409486
 61.314158
0.435659
 61.357122
0.456672
 61.399465
0.472555
 61.441337
0.483326
 61.482863
0.489006
 61.524149
0.489619
 61.565293
0.485196
 61.606384
0.475780
 61.647509
0.461424
 61.688756
0.442189
 61.730215
0.418150
 61.771986
0.389385
 61.814178
0.355978
 61.856921
0.318009
 61.900370
0.275541
 61.944723
0.228601
 61.990245
0.177132
 62.037316
0.120892
 62.086531
0.059178
 62.138974
-0.010223
 62.197184
-0.086352
 62.261539
-0.148085
 62.315294
-0.207077
 62.369171
-0.258056
 62.418907
-0.302547
 62.466036
-0.341332
 62.511457
-0.374738
 62.555659
-0.402917
 62.598951
-0.425941
 62.641551
-0.443849
 62.683625
-0.456663
 62.725308
-0.464402
 62.766713
-0.467090
 62.807941
-0.464755
 62.849084
-0.457438
 62.890230
-0.445186
 62.931467
-0.428061
 62.972885
-0.406134
 63.014581
-0.379482
 63.056661
-0.348189
 63.099247
-0.312340
 63.142486
-0.272008
 63.186561
-0.227237
 63.231712
-0.178010
 63.278278
-0.124167
 63.326771
-0.065217
 63.378074
0.000316
 63.434061
0.078826
 63.501237
0.142015
 63.556665
0.202707
 63.612328
0.254523
 63.662977
0.299544
 63.710645
0.338759
 63.756437
0.372563
 63.800913
0.401130
 63.844414
0.424543
 63.887176
0.442844
 63.929375
0.456055
 63.971152
0.464194
 64.012625
0.467281
 64.053898
0.465342
 64.095063
0.458412
 64.136212
0.446538
 64.177430
0.429775
 64.218808
0.408190
 64.260440
0.381860
 64.302430
0.350864
 64.344897
0.315285
 64.387981
0.275198
 64.431855
0.230652
 64.476745
0.181643
 64.522963
0.128048
 64.570972
0.069463
 64.621546
0.004722
 64.676231
-0.070557
 64.739597
-0.137549
 64.797049
-0.195588
 64.848710
-0.250595
 64.900427
-0.298564
 64.948940
-0.340451
 64.995295
-0.376786
 65.040169
-0.407804
 65.083962
-0.433616
 65.126938
-0.454278
 65.169292
-0.469816
 65.211174
-0.480251
 65.252711
-0.485601
 65.294008
-0.485890
 65.335163
-0.481150
 65.376266
-0.471421
 65.417403
-0.456757
 65.458662
-0.437220
 65.500135
-0.412883
 65.541921
-0.383823
 65.584130
-0.350125
 65.626891
-0.311866
 65.670362
-0.269110
 65.714741
-0.221881
 65.760294
-0.170118
 65.807406
-0.113571
 65.856678
-0.051518
 65.909209
0.018327
 65.967597
0.094156
 66.031519
0.155943
 66.085184
0.214971
 66.138966
0.266008
 66.188649
0.310561
 66.235741
0.349402
 66.281136
0.382856
 66.325315
0.411073
 66.368587
0.434128
 66.411169
0.452056
 66.453227
0.464881
 66.494893
0.472622
 66.536282
0.475302
 66.577494
0.472950
 66.618620
0.465606
 66.659750
0.453317
 66.700970
0.436145
 66.742369
0.414159
 66.784045
0.387437
 66.826103
0.356064
 66.868666
0.320123
 66.911878
0.279686
 66.955921
0.234799
 67.001036
0.185443
 67.047555
0.131463
 67.095986
0.072374
 67.147200
0.006729
 67.203030
-0.071612
 67.269715
-0.135433
 67.325355
-0.196792
 67.381246
-0.249117
 67.432002
-0.294585
 67.479729
-0.334222
 67.525560
-0.368435
 67.570065
-0.397405
 67.613586
-0.421216
 67.656364
-0.439912
 67.698575
-0.453517
 67.740360
-0.462049
 67.781839
-0.465528
 67.823115
-0.463981
 67.864282
-0.457444
 67.905429
-0.445961
 67.946644
-0.429591
 67.988017
-0.408400
 68.029641
-0.382463
 68.071621
-0.351863
 68.114074
-0.316683
 68.157140
-0.276997
 68.200992
-0.232859
 68.245853
-0.184268
 68.292032
-0.131107
 68.339987
-0.072990
 68.390479
-0.008794
 68.445022
0.065646
 68.508009
0.132620
 68.565710
0.190565
 68.617507
0.245498
 68.669362
0.293362
 68.717960
0.335139
 68.764373
0.371367
 68.809291
0.402285
 68.853118
0.428006
 68.896124
0.448584
 68.938502
0.464047
 68.980407
0.474414
 69.021962
0.479705
 69.063277
0.479941
 69.104447
0.475155
 69.145563
0.465388
 69.186713
0.450692
 69.227985
0.431129
 69.269469
0.406771
 69.311265
0.377698
 69.353484
0.343992
 69.396255
0.305731
 69.439736
0.262978
 69.484124
0.215758
 69.529687
0.164010
 69.576809
0.107484
 69.626094
0.045455
 69.678641
-0.024366
 69.737058
-0.100051
 69.800922
-0.161754
 69.854575
-0.220691
 69.908345
-0.271644
 69.958020
-0.316114
 70.005108
-0.354870
 70.050497
-0.388237
 70.094672
-0.416365
 70.137940
-0.439326
 70.180517
-0.457158
 70.222569
-0.469883
 70.264230
-0.477519
 70.305613
-0.480089
 70.346818
-0.477621
 70.387938
-0.470156
 70.429059
-0.457741
 70.470270
-0.440435
 70.511659
-0.418310
 70.553324
-0.391441
 70.595369
-0.359913
 70.637917
-0.323809
 70.681112
-0.283199
 70.725135
-0.238130
 70.770225
-0.188583
 70.816713
-0.134402
 70.865103
-0.075105
 70.916256
-0.009264
 70.971980
0.069113
 71.038340
0.133479
 71.094124
0.195409
 71.150170
0.248179
 71.200996
0.294040
 71.248760
0.334047
 71.294615
0.368616
 71.339134
0.397932
 71.382666
0.422082
 71.425450
0.441111
 71.467664
0.455043
 71.509450
0.463897
 71.550928
0.467694
 71.592200
0.466460
 71.633361
0.460232
 71.674500
0.449054
 71.715705
0.432984
 71.757065
0.412088
 71.798674
0.386443
 71.840636
0.356130
 71.883067
0.321234
 71.926106
0.281830
 71.969924
0.237973
 72.014744
0.189665
 72.060869
0.136797
 72.108752
0.078998
 72.159137
0.015190
 72.213498
-0.058557
 72.276019
-0.125804
 72.334013
-0.183916
 72.385979
-0.239041
 72.438007
-0.287039
 72.486708
-0.328928
 72.533190
-0.365264
 72.578159
-0.396291
 72.622025
-0.422124
 72.665062
-0.442819
 72.707467
-0.458405
 72.749393
-0.468901
 72.790967
-0.474325
 72.832297
-0.474701
 72.873481
-0.470059
 72.914608
-0.460442
 72.955767
-0.445901
 72.997045
-0.426498
 73.038535
-0.402305
 73.080334
-0.373402
 73.122555
-0.339870
 73.165325
-0.301789
 73.208802
-0.259224
 73.253184
-0.212198
 73.298737
-0.160655
 73.345843
-0.104349
 73.395103
-0.042569
 73.447607
0.026930
 73.505930
0.102678
 73.570030
0.164263
 73.623733
0.223086
 73.677556
0.273913
 73.727261
0.318255
 73.774367
0.356883
 73.819769
0.390124
 73.863954
0.418127
 73.907229
0.440965
 73.949812
0.458673
 73.991869
0.471275
 74.033533
0.478789
 74.074918
0.481235
 74.116125
0.478644
 74.157244
0.471054
 74.198365
0.458512
 74.239575
0.441078
 74.280962
0.418821
 74.322624
0.391819
 74.364665
0.360154
 74.407207
0.323908
 74.450395
0.283154
 74.494409
0.237935
 74.539488
0.188232
 74.585961
0.133890
 74.634330
0.074427
 74.685453
0.008422
 74.741123
-0.070047
 74.807321
-0.134751
 74.863178
-0.197029
 74.919302
-0.250075
 74.970163
-0.296180
 75.017944
-0.336414
 75.063808
-0.371200
 75.108333
-0.400724
 75.151867
-0.425076
 75.194651
-0.444300
 75.236864
-0.458422
 75.278647
-0.467460
 75.320120
-0.471435
 75.361386
-0.470375
 75.402539
-0.464313
 75.443669
-0.453298
 75.484863
-0.437383
 75.526210
-0.416638
 75.567804
-0.391137
 75.609747
-0.360962
 75.652157
-0.326198
 75.695171
-0.286920
 75.738960
-0.243185
 75.783742
-0.194997
 75.829819
-0.142250
 75.877638
-0.084586
 75.927931
-0.020959
 75.982136
0.052385
 76.044271
0.119982
 76.102480
0.178383
 76.154593
0.233818
 76.206770
0.282065
 76.255558
0.324176
 76.302097
0.360724
 76.347107
0.391961
 76.391005
0.418003
 76.434067
0.438909
 76.476491
0.454707
 76.518434
0.465417
 76.560020
0.471058
 76.601360
0.471654
 76.642551
0.467234
 76.683684
0.457841
 76.724846
0.443526
 76.766125
0.424351
 76.807614
0.400389
 76.849410
0.371719
 76.891626
0.338423
 76.934388
0.300582
 76.977853
0.258260
 77.022219
0.211485
 77.067750
0.160202
 77.114825
0.104174
 77.164038
0.042707
 77.216468
-0.026379
 77.274636
-0.102367
 77.339129
-0.163869
 77.392912
-0.222621
 77.446820
-0.273351
 77.496572
-0.317591
 77.543707
-0.356118
 77.589131
-0.389261
 77.633332
-0.417169
 77.676621
-0.439915
 77.719215
-0.457535
 77.761281
-0.470051
 77.802953
-0.477481
 77.844345
-0.479847
 77.885558
-0.477177
 77.926682
-0.469509
 77.967807
-0.456892
 78.009020
-0.439383
 78.050411
-0.417052
 78.092075
-0.389977
 78.134117
-0.358239
 78.176660
-0.321921
 78.219848
-0.281093
 78.263862
-0.235801
 78.308939
-0.186024
 78.355409
-0.131607
 78.403774
-0.072068
 78.454889
-0.005987
 78.510544
0.072539
 78.576694
0.137365
 78.632571
0.199766
 78.688719
0.252909
 78.739589
0.299099
 78.787374
0.339411
 78.833239
0.374268
 78.877764
0.403858
 78.921298
0.428272
 78.964079
0.447554
 79.006289
0.461730
 79.048069
0.470819
 79.089537
0.474840
 79.130797
0.473821
 79.171945
0.467797
 79.213067
0.456813
 79.254253
0.440927
 79.295591
0.420204
 79.337174
0.394720
 79.379105
0.364557
 79.421501
0.329800
 79.464498
0.290523
 79.508266
0.246784
 79.553024
0.198587
 79.599071
0.145828
 79.646848
0.088156
 79.697083
0.024542
 79.751190
-0.048670
 79.813088
-0.116553
 79.871395
-0.175237
 79.923601
-0.230968
 79.975873
-0.279462
 80.024717
