2.999850
 0.010000
2.987122
 0.092691
2.957016
 0.169484
2.918467
 0.233673
2.868218
 0.297499
2.810993
 0.356862
2.747589
 0.413144
2.678363
 0.467301
2.603671
 0.519856
2.523859
 0.571138
2.439245
 0.621370
2.350132
 0.670715
2.256800
 0.719301
2.159518
 0.767226
2.058541
 0.814571
1.954116
 0.861405
1.846479
 0.907785
1.735861
 0.953760
1.622488
 0.999374
1.506578
 1.044664
1.388349
 1.089664
1.268012
 1.134406
1.145777
 1.178917
1.021851
 1.223223
0.896438
 1.267348
0.769741
 1.311314
0.641961
 1.355142
0.513298
 1.398851
0.383950
 1.442461
0.254115
 1.485990
0.123991
 1.529454
-0.006228
 1.572872
-0.136345
 1.616260
-0.266165
 1.659635
-0.395493
 1.703012
-0.524134
 1.746409
-0.651891
 1.789841
-0.778571
 1.833325
-0.903976
 1.876879
-1.027911
 1.920519
-1.150178
 1.964263
-1.270579
 2.008131
-1.388913
 2.052141
-1.504981
 2.096313
-1.618579
 2.140671
-1.729502
 2.185236
-1.837541
 2.230033
-1.942487
 2.275090
-2.044123
 2.320435
-2.142231
 2.366101
-2.236584
 2.412123
-2.326953
 2.458542
-2.413095
 2.505402
-2.494762
 2.552756
-2.571691
 2.600663
-2.643603
 2.649193
-2.710200
 2.698430
-2.771160
 2.748477
-2.826123
 2.799459
-2.874685
 2.851538
-2.916377
 2.904929
-2.950631
 2.959924
-2.976727
 3.016953
-2.993685
 3.076697
-2.999998
 3.140382
-2.992819
 3.210798
-2.962572
 3.299719
-2.925222
 3.365335
-2.875879
 3.430252
-2.819539
 3.490209
-2.756991
 3.546860
-2.688572
 3.601281
-2.614638
 3.654042
-2.535535
 3.705490
-2.451587
 3.755860
-2.363098
 3.805324
-2.270350
 3.854011
-2.173616
 3.902024
-2.073150
 3.949448
-1.969202
 3.996351
-1.862008
 4.042793
-1.751802
 4.088823
-1.638807
 4.134485
-1.523246
 4.179819
-1.405334
 4.224859
-1.285285
 4.269636
-1.163308
 4.314179
-1.039610
 4.358512
-0.914397
 4.402662
-0.787870
 4.446649
-0.660233
 4.490495
-0.531683
 4.534220
-0.402421
 4.577843
-0.272644
 4.621382
-0.142548
 4.664855
-0.012331
 4.708279
0.117813
 4.751670
0.247687
 4.795045
0.377097
 4.838421
0.505847
 4.881814
0.633743
 4.925240
0.760588
 4.968716
0.886187
 5.012259
1.010343
 5.055885
1.132860
 5.099614
1.253539
 5.143462
1.372180
 5.187451
1.488584
 5.231599
1.602546
 5.275929
1.713863
 5.320463
1.822326
 5.365225
1.927725
 5.410243
2.029847
 5.455546
2.128471
 5.501164
2.223374
 5.547133
2.314325
 5.593493
2.401084
 5.640287
2.483405
 5.687567
2.561025
 5.735391
2.633670
 5.783827
2.701045
 5.832958
2.762829
 5.882882
2.818670
 5.933722
2.868171
 5.985633
2.910874
 6.038821
2.946228
 6.093565
2.973539
 6.150271
2.991875
 6.209571
2.999831
 6.272581
2.994860
 6.341730
2.969539
 6.425811
2.933970
 6.493381
2.885798
 6.559994
2.830612
 6.620831
2.769200
 6.678003
2.701857
 6.732790
2.628933
 6.785831
2.550775
 6.837506
2.467714
 6.888064
2.380055
 6.937686
2.288087
 6.986511
2.192081
 7.034644
2.092298
 7.082173
1.988985
 7.129169
1.882383
 7.175693
1.772725
 7.221797
1.660238
 7.267526
1.545142
 7.312919
1.427656
 7.358011
1.307992
 7.402835
1.186361
 7.447420
1.062971
 7.491791
0.938027
 7.535973
0.811732
 7.579989
0.684287
 7.623860
0.555894
 7.667607
0.426751
 7.711247
0.297055
 7.754801
0.167004
 7.798285
0.036795
 7.841716
-0.093377
 7.885112
-0.223317
 7.928490
-0.352829
 7.971864
-0.481718
 8.015253
-0.609789
 8.058671
-0.736847
 8.102136
-0.862695
 8.145665
-0.987137
 8.189275
-1.109977
 8.232982
-1.231016
 8.276807
-1.350056
 8.320768
-1.466895
 8.364885
-1.581332
 8.409178
-1.693161
 8.453672
-1.802176
 8.498390
-1.908168
 8.543358
-2.010921
 8.588604
-2.110220
 8.634160
-2.205839
 8.680061
-2.297550
 8.726344
-2.385116
 8.773053
-2.468290
 8.820237
-2.546814
 8.867954
-2.620416
 8.916270
-2.688803
 8.965263
-2.751663
 9.015030
-2.808650
 9.065687
-2.859375
 9.117383
-2.903394
 9.170313
-2.940176
 9.224738
-2.969061
 9.281036
-2.989170
 9.339783
-2.999220
 9.401972
-2.996980
 9.469650
-2.976806
 9.549206
-2.943053
 9.619932
-2.901405
 9.681864
-2.848812
 9.743604
-2.789400
 9.801706
-2.723911
 9.857160
-2.652724
 9.910707
-2.576195
 9.962785
-2.494660
 10.013676
-2.408432
 10.063580
-2.317805
 10.112645
-2.223056
 10.160988
-2.124447
 10.208701
-2.022231
 10.255860
-1.916650
 10.302528
-1.807940
 10.348761
-1.696329
 10.394604
-1.582039
 10.440100
-1.465290
 10.485284
-1.346297
 10.530191
-1.225269
 10.574849
-1.102416
 10.619285
-0.977945
 10.663525
-0.852057
 10.707591
-0.724957
 10.751506
-0.596844
 10.795290
-0.467918
 10.838962
-0.338377
 10.882542
-0.208418
 10.926046
-0.078237
 10.969492
0.051968
 11.012898
0.182003
 11.056279
0.311672
 11.099653
0.440781
 11.143035
0.569133
 11.186442
0.696534
 11.229891
0.822789
 11.273397
0.947700
 11.316979
1.071071
 11.360654
1.192705
 11.404439
1.312402
 11.448355
1.429964
 11.492419
1.545187
 11.536655
1.657868
 11.581082
1.767802
 11.625726
1.874778
 11.670611
1.978586
 11.715766
2.079008
 11.761220
2.175822
 11.807007
2.268803
 11.853164
2.357714
 11.899732
2.442313
 11.946759
2.522346
 11.994300
2.597544
 12.042417
2.667624
 12.091185
2.732279
 12.140694
2.791174
 12.191054
2.843937
 12.242401
2.890143
 12.294913
2.929293
 12.348828
2.960773
 12.404480
2.983789
 12.462366
2.997219
 12.523311
2.999239
 12.588893
