0.989008
 0.010000
0.972054
 0.025081
0.954671
 0.040161
0.936876
 0.055241
0.918687
 0.070327
0.900119
 0.085423
0.881189
 0.100533
0.861912
 0.115662
0.842303
 0.130813
0.822377
 0.145992
0.802149
 0.161203
0.781632
 0.176452
0.760840
 0.191742
0.739787
 0.207079
0.718484
 0.222469
0.696943
 0.237917
0.675177
 0.253430
0.653196
 0.269015
0.631011
 0.284678
0.608630
 0.300426
0.586063
 0.316269
0.563316
 0.332215
0.540398
 0.348274
0.517313
 0.364457
0.494065
 0.380777
0.470656
 0.397246
0.447086
 0.413882
0.423354
 0.430701
0.399452
 0.447726
0.375371
 0.464980
0.351095
 0.482495
0.326603
 0.500305
0.301862
 0.518458
0.276825
 0.537011
0.251424
 0.556044
0.225558
 0.575664
0.199065
 0.596035
0.171671
 0.617420
0.142832
 0.640319
0.111137
 0.665988
0.079910
 0.691842
0.052497
 0.715041
0.025410
 0.738465
0.000975
 0.760053
-0.021681
 0.780481
-0.043020
 0.800107
-0.063303
 0.819124
-0.082702
 0.837655
-0.101337
 0.855787
-0.119300
 0.873580
-0.136664
 0.891082
-0.153490
 0.908331
-0.169829
 0.925358
-0.185725
 0.942186
-0.201217
 0.958839
-0.216339
 0.975334
-0.231125
 0.991686
-0.245603
 1.007910
-0.259801
 1.024017
-0.273745
 1.040019
-0.287459
 1.055926
-0.300966
 1.071747
-0.314290
 1.087489
-0.327451
 1.103162
-0.340472
 1.118771
-0.353371
 1.134323
-0.366169
 1.149826
-0.378887
 1.165284
-0.391543
 1.180703
-0.404156
 1.196089
-0.416745
 1.211446
-0.429330
 1.226781
-0.441928
 1.242098
-0.454558
 1.257401
-0.467239
 1.272696
-0.479989
 1.287987
-0.492827
 1.303279
-0.505772
 1.318576
-0.518842
 1.333884
-0.532055
 1.349206
-0.545432
 1.364549
-0.558992
 1.379916
-0.572754
 1.395312
-0.586737
 1.410744
-0.600964
 1.426216
-0.615453
 1.441734
-0.630227
 1.457304
-0.645307
 1.472932
-0.660715
 1.488625
-0.676477
 1.504390
-0.692615
 1.520235
-0.709155
 1.536167
-0.726125
 1.552196
-0.743552
 1.568331
-0.761466
 1.584584
-0.779901
 1.600966
-0.798892
 1.617491
-0.818477
 1.634174
-0.838699
 1.651034
-0.859605
 1.668090
-0.881250
 1.685366
-0.903696
 1.702891
-0.927019
 1.720701
-0.951306
 1.738839
-0.976669
 1.757360
-1.003252
 1.776338
-1.031247
 1.795875
-1.060930
 1.816119
-1.092732
 1.837309
-1.127419
 1.859877
-1.166747
 1.884832
-1.211701
 1.912608
-1.250628
 1.936078
-1.290916
 1.959852
-1.328532
 1.981618
-1.364631
 2.002149
-1.399787
 2.021838
-1.434292
 2.040893
-1.468317
 2.059444
-1.501972
 2.077582
-1.535331
 2.095369
-1.568445
 2.112856
-1.601350
 2.130080
-1.634071
 2.147075
-1.666627
 2.163864
-1.699029
 2.180470
-1.731285
 2.196912
-1.763398
 2.213205
-1.795371
 2.229363
-1.827202
 2.245400
-1.858889
 2.261325
-1.890426
 2.277149
-1.921809
 2.292882
-1.953030
 2.308530
-1.984082
 2.324103
-2.014955
 2.339606
-2.045642
 2.355047
-2.076131
 2.370432
-2.106412
 2.385766
-2.136473
 2.401055
-2.166304
 2.416304
-2.195891
 2.431519
-2.225223
 2.446704
-2.254287
 2.461863
-2.283068
 2.477002
-2.311555
 2.492125
-2.339731
 2.507236
-2.367584
 2.522340
-2.395099
 2.537440
-2.422261
 2.552542
-2.449054
 2.567648
-2.475463
 2.582765
-2.501473
 2.597895
-2.527067
 2.613043
-2.552229
 2.628215
-2.576942
 2.643414
-2.601189
 2.658645
-2.624952
 2.673913
-2.648215
 2.689223
-2.670958
 2.704581
-2.693163
 2.719992
-2.714811
 2.735462
-2.735882
 2.750997
-2.756356
 2.766605
-2.776213
 2.782292
-2.795431
 2.798066
-2.813987
 2.813936
-2.831859
 2.829910
-2.849022
 2.846001
-2.865451
 2.862217
-2.881120
 2.878574
-2.896000
 2.895084
-2.910062
 2.911766
-2.923272
 2.928637
-2.935597
 2.945720
-2.946997
 2.963042
-2.957430
 2.980636
-2.966848
 2.998540
-2.975195
 3.016806
-2.982407
 3.035499
-2.988403
 3.054708
-2.993083
 3.074562
-2.996311
 3.095256
-2.997882
 3.117128
-2.997443
 3.140882
-2.994072
 3.168773
-2.988681
 3.192878
-2.981682
 3.215109
-2.972701
 3.237453
-2.962541
 3.258366
-2.951291
 3.278306
-2.939010
 3.297538
-2.925755
 3.316219
-2.911573
 3.334453
-2.896508
 3.352314
-2.880600
 3.369856
-2.863886
 3.387122
-2.846398
 3.404145
-2.828169
 3.420955
-2.809227
 3.437574
-2.789600
 3.454021
-2.769315
 3.470314
-2.748397
 3.486467
-2.726871
 3.502494
-2.704759
 3.518405
-2.682085
 3.534212
-2.658870
 3.549923
-2.635136
 3.565548
-2.610903
 3.581093
-2.586193
 3.596566
-2.561024
 3.611974
-2.535417
 3.627324
-2.509390
 3.642620
-2.482962
 3.657868
-2.456153
 3.673075
-2.428979
 3.688244
-2.401458
 3.703381
-2.373610
 3.718490
-2.345450
 3.733576
-2.316996
 3.748644
-2.288264
 3.763697
-2.259273
 3.778740
-2.230037
 3.793776
-2.200573
 3.808811
-2.170897
 3.823848
-2.141025
 3.838892
-2.110973
 3.853946
-2.080755
 3.869014
-2.050387
 3.884102
-2.019884
 3.899214
-1.989260
 3.914353
-1.958529
 3.929524
-1.927706
 3.944733
-1.896805
 3.959984
-1.865838
 3.975283
-1.834820
 3.990634
-1.803762
 4.006044
-1.772677
 4.021518
-1.741576
 4.037064
-1.710472
 4.052687
-1.679375
 4.068397
-1.648294
 4.084200
-1.617240
 4.100106
-1.586220
 4.116124
-1.555242
 4.132266
-1.524311
 4.148543
-1.493433
 4.164969
-1.462610
 4.181560
-1.431842
 4.198334
-1.401127
 4.215311
-1.370458
 4.232516
-1.339824
 4.249978
-1.309206
 4.267733
-1.278577
 4.285827
-1.247895
 4.304316
-1.217098
 4.323277
-1.186090
 4.342817
-1.154716
 4.363092
-1.122709
 4.384359
-1.089537
 4.407090
-1.053820
 4.432449
-1.018070
 4.458876
-0.987878
 4.482123
-0.958567
 4.505616
-0.932678
 4.527224
-0.909145
 4.547652
-0.887407
 4.567266
-0.867147
 4.586266
-0.848157
 4.604777
-0.830287
 4.622884
-0.813425
 4.640651
-0.797480
 4.658125
-0.782378
 4.675345
-0.768057
 4.692341
-0.754461
 4.709138
-0.741544
 4.725758
-0.729264
 4.742218
-0.717580
 4.758535
-0.706459
 4.774722
-0.695867
 4.790792
-0.685774
 4.806756
-0.676152
 4.822624
-0.666974
 4.838404
-0.658213
 4.854105
-0.649845
 4.869735
-0.641847
 4.885300
-0.634195
 4.900808
-0.626868
 4.916264
-0.619845
 4.931674
-0.613103
 4.947044
-0.606624
 4.962380
-0.600387
 4.977685
-0.594371
 4.992967
-0.588559
 5.008228
-0.582931
 5.023475
-0.577468
 5.038710
-0.572152
 5.053941
-0.566965
 5.069170
-0.561887
 5.084402
-0.556901
 5.099642
-0.551990
 5.114894
-0.547134
 5.130163
-0.542317
 5.145454
-0.537520
 5.160772
-0.532725
 5.176121
-0.527915
 5.191506
-0.523071
 5.206934
-0.518176
 5.222409
-0.513211
 5.237938
-0.508157
 5.253527
-0.502996
 5.269181
-0.497709
 5.284909
-0.492276
 5.300718
-0.486678
 5.316615
-0.480893
 5.332610
-0.474902
 5.348713
-0.468682
 5.364934
-0.462210
 5.381286
-0.455462
 5.397781
-0.448412
 5.414436
-0.441034
 5.431267
-0.433296
 5.448294
-0.425166
 5.465543
-0.416607
 5.483041
-0.407577
 5.500823
-0.398027
 5.518933
-0.387897
 5.537424
-0.377111
 5.556371
-0.365574
 5.575873
-0.353149
 5.596077
-0.339628
 5.617216
-0.324654
 5.639709
-0.307434
 5.664523
-0.286949
 5.692760
-0.269164
 5.716292
-0.250489
 5.740148
-0.232856
 5.761964
-0.215762
 5.782533
-0.198961
 5.802254
-0.182335
 5.821339
-0.165816
 5.839920
-0.149368
 5.858086
-0.132966
 5.875902
-0.116596
 5.893418
-0.100252
 5.910673
-0.083930
 5.927697
-0.067632
 5.944518
-0.051359
 5.961157
-0.035118
 5.977632
-0.018914
 5.993960
-0.002755
 6.010154
0.013351
 6.026228
0.029394
 6.042191
0.045364
 6.058055
0.061250
 6.073828
0.077041
 6.089519
0.092726
 6.105136
0.108293
 6.120684
0.123728
 6.136172
0.139019
 6.151606
0.154153
 6.166990
0.169117
 6.182332
0.183896
 6.197635
0.198477
 6.212906
0.212846
 6.228149
0.226987
 6.243369
0.240886
 6.258571
0.254528
 6.273759
0.267898
 6.288937
0.280979
 6.304111
0.293757
 6.319284
0.306215
 6.334461
0.318337
 6.349647
0.330105
 6.364845
0.341504
 6.380061
0.352515
 6.395299
0.363121
 6.410564
0.373304
 6.425860
0.383045
 6.441192
0.392326
 6.456567
0.401127
 6.471989
0.409427
 6.487464
0.417208
 6.502998
0.424446
 6.518598
0.431121
 6.534271
0.437209
 6.550023
0.442688
 6.565864
0.447531
 6.581801
0.451712
 6.597844
0.455205
 6.614005
0.457979
 6.630294
0.460003
 6.646725
0.461244
 6.663313
0.461664
 6.680074
0.461223
 6.697030
0.459875
 6.714203
0.457569
 6.731622
0.454247
 6.749319
0.449840
 6.767338
0.444265
 6.785731
0.437419
 6.804569
0.429169
 6.823948
0.419334
 6.844008
0.407644
 6.864970
0.393652
 6.887224
0.376427
 6.911642
0.352596
 6.941641
0.331892
 6.965135
0.309054
 6.988992
0.286626
 7.010774
0.264138
 7.031294
0.241371
 7.050960
0.218231
 7.069987
0.194676
 7.088506
0.170687
 7.106609
0.146259
 7.124360
0.121393
 7.141809
0.096096
 7.158995
0.070376
 7.175950
0.044246
 7.192700
0.017718
 7.209266
-0.009196
 7.225667
-0.036480
 7.241918
-0.064119
 7.258035
-0.092100
 7.274030
-0.120406
 7.289913
-0.149023
 7.305694
-0.177934
 7.321383
-0.207123
 7.336988
-0.236576
 7.352516
-0.266277
 7.367975
-0.296209
 7.383371
-0.326356
 7.398709
-0.356704
 7.413997
-0.387236
 7.429238
-0.417936
 7.444439
-0.448789
 7.459605
-0.479778
 7.474740
-0.510889
 7.489849
-0.542105
 7.504936
-0.573410
 7.520006
-0.604790
 7.535062
-0.636228
 7.550110
-0.667708
 7.565154
-0.699216
 7.580197
-0.730736
 7.595244
-0.762253
 7.610298
-0.793750
 7.625365
-0.825213
 7.640448
-0.856626
 7.655551
-0.887975
 7.670680
-0.919244
 7.685838
-0.950417
 7.701030
-0.981481
 7.716262
-1.012421
 7.731538
-1.043220
 7.746863
-1.073866
 7.762243
-1.104343
 7.777685
-1.134637
 7.793193
-1.164734
 7.808776
-1.194619
 7.824440
-1.224280
 7.840193
-1.253703
 7.856043
-1.282874
 7.872001
-1.311782
 7.888075
-1.340412
 7.904278
-1.368755
 7.920623
-1.396800
 7.937123
-1.424535
 7.953796
-1.451954
 7.970661
-1.479048
 7.987741
-1.505812
 8.005061
-1.532247
 8.022655
-1.558352
 8.040562
-1.584138
 8.058833
-1.609623
 8.077535
-1.634840
 8.096756
-1.659849
 8.116624
-1.684760
 8.137338
-1.709786
 8.159236
-1.735434
 8.183026
-1.763504
 8.210986
-1.785920
 8.235118
-1.805103
 8.257377
-1.822938
 8.279748
-1.838330
 8.300694
-1.851836
 8.320670
-1.863787
 8.339940
-1.874394
 8.358663
-1.883804
 8.376940
-1.892127
 8.394847
-1.899453
 8.412436
-1.905852
 8.429752
-1.911388
 8.446828
-1.916113
 8.463692
-1.920073
 8.480367
-1.923311
 8.496872
-1.925865
 8.513226
-1.927770
 8.529442
-1.929058
 8.545533
-1.929760
 8.561512
-1.929903
 8.577388
-1.929516
 8.593172
-1.928624
 8.608870
-1.927251
 8.624493
-1.925421
 8.640046
-1.923156
 8.655536
-1.920480
 8.670971
-1.917413
 8.686355
-1.913976
 8.701695
-1.910189
 8.716995
-1.906073
 8.732262
-1.901646
 8.747500
-1.896929
 8.762714
-1.891938
 8.777909
-1.886694
 8.793088
-1.881213
 8.808258
-1.875515
 8.823421
-1.869616
 8.838583
-1.863534
 8.853748
-1.857287
 8.868920
-1.850891
 8.884104
-1.844363
 8.899304
-1.837720
 8.914524
-1.830979
 8.929771
-1.824156
 8.945047
-1.817267
 8.960359
-1.810330
 8.975711
-1.803359
 8.991108
-1.796371
 9.006557
-1.789383
 9.022063
-1.782409
 9.037633
-1.775467
 9.053272
-1.768572
 9.068989
-1.761740
 9.084791
-1.754986
 9.100686
-1.748328
 9.116684
-1.741781
 9.132794
-1.735361
 9.149028
-1.729084
 9.165399
-1.722968
 9.181919
-1.717028
 9.198606
-1.711282
 9.215478
-1.705747
 9.232556
-1.700441
 9.249865
-1.695383
 9.267437
-1.690592
 9.285308
-1.686090
 9.303527
-1.681898
 9.322153
-1.678040
 9.341267
-1.674545
 9.360985
-1.671446
 9.381478
-1.668782
 9.403028
-1.666611
 9.426187
-1.665023
 9.452420
-1.664382
 9.476619
-1.664505
 9.499655
-1.665346
 9.522881
-1.666756
 9.544352
-1.668642
 9.564698
-1.670949
 9.584256
-1.673636
 9.603215
-1.676669
 9.621694
-1.680020
 9.639776
-1.683663
 9.657521
-1.687575
 9.674977
-1.691735
 9.692181
-1.696123
 9.709162
-1.700719
 9.725945
-1.705505
 9.742551
-1.710463
 9.758999
-1.715576
 9.775304
-1.720826
 9.791479
-1.726197
 9.807537
-1.731672
 9.823489
-1.737235
 9.839344
-1.742870
 9.855111
-1.748559
 9.870799
-1.754288
 9.886415
-1.760040
 9.901965
-1.765799
 9.917458
-1.771550
 9.932898
-1.777275
 9.948292
-1.782960
 9.963645
-1.788587
 9.978963
-1.794141
 9.994250
-1.799606
 10.009512
-1.804966
 10.024753
-1.810203
 10.039978
-1.815302
 10.055192
-1.820246
 10.070398
-1.825019
 10.085603
-1.829603
 10.100809
-1.833981
 10.116022
-1.838136
 10.131246
-1.842052
 10.146486
-1.845709
 10.161746
-1.849091
 10.177031
-1.852179
 10.192346
-1.854954
 10.207696
-1.857398
 10.223086
-1.859492
 10.238521
-1.861215
 10.254009
-1.862548
 10.269553
-1.863470
 10.285162
-1.863959
 10.300841
-1.863994
 10.316598
-1.863551
 10.332441
-1.862606
 10.348378
-1.861135
 10.364419
-1.859109
 10.380575
-1.856503
 10.396856
-1.853285
 10.413276
-1.849423
 10.429850
-1.844882
 10.446593
-1.839623
 10.463525
-1.833604
 10.480670
-1.826777
 10.498053
-1.819084
 10.515707
-1.810462
 10.533671
-1.800832
 10.551998
-1.790097
 10.570752
-1.778130
 10.590023
-1.764761
 10.609939
-1.749740
 10.630697
-1.732655
 10.652637
-1.712695
 10.676466
-1.687394
 10.704454
-1.663948
 10.728618
-1.641026
 10.750904
-1.616751
 10.773301
-1.592924
 10.794267
-1.569231
 10.814256
-1.545496
 10.833535
-1.521630
 10.852262
-1.497585
 10.870541
-1.473333
 10.888445
-1.448861
 10.906029
-1.424161
 10.923337
-1.399233
 10.940402
-1.374081
 10.957252
-1.348708
 10.973910
-1.323124
 10.990397
-1.297336
 11.006729
-1.271355
 11.022921
-1.245192
 11.038986
-1.218859
 11.054935
-1.192367
 11.070780
-1.165729
 11.086529
-1.138959
 11.102191
-1.112069
 11.117775
-1.085075
 11.133286
-1.057988
 11.148732
-1.030824
 11.164119
-1.003597
 11.179454
-0.976321
 11.194741
-0.949011
 11.209986
-0.921681
 11.225195
-0.894347
 11.240371
-0.867023
 11.255521
-0.839724
 11.270647
-0.812466
 11.285756
-0.785263
 11.300851
-0.758131
 11.315936
-0.731085
 11.331016
-0.704141
 11.346095
-0.677314
 11.361177
-0.650620
 11.376266
-0.624074
 11.391368
-0.597693
 11.406485
-0.571491
 11.421623
-0.545485
 11.436785
-0.519691
 11.451977
-0.494124
 11.467204
-0.468802
 11.482469
-0.443740
 11.497779
-0.418954
 11.513139
-0.394461
 11.528554
-0.370278
 11.544030
-0.346421
 11.559575
-0.322906
 11.575194
-0.299752
 11.590895
-0.276975
 11.606686
-0.254593
 11.622576
-0.232622
 11.638574
-0.211081
 11.654690
-0.189988
 11.670938
-0.169361
 11.687329
-0.149218
 11.703879
-0.129579
 11.720604
-0.110462
 11.737526
-0.091887
 11.754666
-0.073875
 11.772054
-0.056444
 11.789723
-0.039617
 11.807714
-0.023412
 11.826082
-0.007851
 11.844897
0.007050
 11.864255
0.021276
 11.884297
0.034825
 11.905244
0.047724
 11.927487
0.060106
 11.951901
0.072775
 11.981930
0.080710
 12.005408
0.087003
 12.029245
0.091204
 12.051018
0.093822
 12.071536
0.095121
 12.091204
0.095262
 12.110235
0.094357
 12.128762
0.092491
 12.146874
0.089734
 12.164637
0.086144
 12.182101
0.081769
 12.199303
0.076654
 12.216276
0.070836
 12.233046
0.064351
 12.249634
0.057233
 12.266059
0.049510
 12.282336
0.041212
 12.298481
0.032366
 12.314504
0.022996
 12.330418
0.013127
 12.346232
0.002783
 12.361956
-0.008014
 12.377598
-0.019243
 12.393164
-0.030881
 12.408663
-0.042908
 12.424101
-0.055305
 12.439484
-0.068052
 12.454818
-0.081128
 12.470108
-0.094516
 12.485360
-0.108197
 12.500579
-0.122153
 12.515770
-0.136365
 12.530936
-0.150815
 12.546084
-0.165487
 12.561216
-0.180363
 12.576339
-0.195426
 12.591455
-0.210659
 12.606570
-0.226045
 12.621688
-0.241568
 12.636813
-0.257211
 12.651949
-0.272959
 12.667100
-0.288794
 12.682272
-0.304701
 12.697468
-0.320664
 12.712694
-0.336668
 12.727954
-0.352696
 12.743253
-0.368735
 12.758597
-0.384767
 12.773990
-0.400778
 12.789439
-0.416753
 12.804949
-0.432678
 12.820528
-0.448536
 12.836181
-0.464314
 12.851918
-0.479998
 12.867744
-0.495573
 12.883670
-0.511024
 12.899705
-0.526338
 12.915859
-0.541502
 12.932145
-0.556502
 12.948575
-0.571324
 12.965166
-0.585957
 12.981933
-0.600389
 12.998898
-0.614607
 13.016084
-0.628602
 13.033519
-0.642364
 13.051238
-0.655886
 13.069283
-0.669164
 13.087708
-0.682197
 13.106586
-0.694992
 13.126014
-0.707569
 13.146137
-0.719972
 13.167180
-0.732304
 13.189551
-0.744846
 13.214168
-0.758959
 13.244864
-0.768566
 13.268239
-0.777298
 13.291930
-0.784421
 13.313650
-0.790377
 13.334152
-0.795398
 13.353821
-0.799622
 13.372863
-0.803146
 13.391409
-0.806038
 13.409545
-0.808357
 13.427335
-0.810149
 13.444829
-0.811453
 13.462065
-0.812306
 13.479073
-0.812739
 13.495881
-0.812781
 13.512508
-0.812460
 13.528974
-0.811799
 13.545295
-0.810824
 13.561484
-0.809556
 13.577554
-0.808017
 13.593516
-0.806228
 13.609380
-0.804210
 13.625155
-0.801982
 13.640849
-0.799563
 13.656471
-0.796972
 13.672026
-0.794228
 13.687522
-0.791348
 13.702965
-0.788352
 13.718361
-0.785257
 13.733715
-0.782079
 13.749033
-0.778838
 13.764320
-0.775550
 13.779581
-0.772233
 13.794820
-0.768904
 13.810042
-0.765579
 13.825253
-0.762278
 13.840456
-0.759015
 13.855656
-0.755810
 13.870857
-0.752678
 13.886064
-0.749638
 13.901282
-0.746707
 13.916514
-0.743902
 13.931766
-0.741240
 13.947042
-0.738740
 13.962347
-0.736420
 13.977687
-0.734297
 13.993066
-0.732391
 14.008489
-0.730719
 14.023963
-0.729300
 14.039493
-0.728155
 14.055085
-0.727302
 14.070747
-0.726763
 14.086486
-0.726557
 14.102309
-0.726707
 14.118224
-0.727234
 14.134242
-0.728163
 14.150371
-0.729517
 14.166624
-0.731323
 14.183013
-0.733607
 14.199551
-0.736400
 14.216256
-0.739732
 14.233146
-0.743641
 14.250242
-0.748163
 14.267571
-0.753343
 14.285162
-0.759233
 14.303055
-0.765892
 14.321297
-0.773393
 14.339949
-0.781831
 14.359094
-0.791328
 14.378851
-0.802060
 14.399394
-0.814305
 14.421018
-0.828579
 14.444302
-0.846225
 14.470843
-0.863297
 14.494659
-0.880795
 14.517545
-0.899490
 14.540601
-0.917752
 14.561965
-0.935893
 14.582230
-0.954076
 14.601720
-0.972376
 14.620619
-0.990835
 14.639042
-1.009471
 14.657070
-1.028294
 14.674765
-1.047307
 14.692171
-1.066508
 14.709326
-1.085892
 14.726258
-1.105453
 14.742993
-1.125180
 14.759550
-1.145066
 14.775949
-1.165098
 14.792204
-1.185265
 14.808329
-1.205556
 14.824335
-1.225958
 14.840235
-1.246457
 14.856036
-1.267042
 14.871749
-1.287697
 14.887381
-1.308410
 14.902940
-1.329166
 14.918433
-1.349951
 14.933866
-1.370751
 14.949245
-1.391552
 14.964576
-1.412339
 14.979864
-1.433096
 14.995115
-1.453810
 15.010334
-1.474465
 15.025525
-1.495045
 15.040693
-1.515537
 15.055843
-1.535923
 15.070978
-1.556190
 15.086105
-1.576321
 15.101226
-1.596300
 15.116346
-1.616112
 15.131470
-1.635740
 15.146602
-1.655170
 15.161745
-1.674383
 15.176905
-1.693364
 15.192087
-1.712097
 15.207293
-1.730564
 15.222530
-1.748749
 15.237803
-1.766634
 15.253115
-1.784203
 15.268473
-1.801438
 15.283882
-1.818320
 15.299348
-1.834832
 15.314877
-1.850955
 15.330476
-1.866671
 15.346152
-1.881960
 15.361912
-1.896803
 15.377764
-1.911178
 15.393719
-1.925067
 15.409785
-1.938445
 15.425973
-1.951293
 15.442297
-1.963585
 15.458770
-1.975297
 15.475407
-1.986403
 15.492228
-1.996876
 15.509252
-2.006686
 15.526506
-2.015799
 15.544019
-2.024181
 15.561828
-2.031791
 15.579980
-2.038581
 15.598534
-2.044499
 15.617569
-2.049476
 15.637197
-2.053425
 15.657586
-2.056227
 15.679007
-2.057688
 15.701986
-2.057415
 15.727883
-2.055218
 15.752913
-2.051524
 15.775938
-2.046184
 15.799166
-2.039826
 15.820613
-2.032556
 15.840922
-2.024440
 15.860437
-2.015531
 15.879349
-2.005878
 15.897779
-1.995521
 15.915810
-1.984497
 15.933502
-1.972840
 15.950904
-1.960580
 15.968051
-1.947746
 15.984975
-1.934364
 16.001700
-1.920459
 16.018246
-1.906055
 16.034632
-1.891176
 16.050874
-1.875843
 16.066985
-1.860079
 16.082977
-1.843903
 16.098861
-1.827337
 16.114647
-1.810399
 16.130344
-1.793109
 16.145959
-1.775487
 16.161501
-1.757551
 16.176975
-1.739319
 16.192390
-1.720810
 16.207750
-1.702041
 16.223062
-1.683029
 16.238330
-1.663793
 16.253561
-1.644350
 16.268759
-1.624717
 16.283928
-1.604910
 16.299075
-1.584947
 16.314202
-1.564844
 16.329315
-1.544618
 16.344417
-1.524285
 16.359514
-1.503862
 16.374609
-1.483365
 16.389707
-1.462810
 16.404811
-1.442213
 16.419927
-1.421590
 16.435058
-1.400957
 16.450210
-1.380329
 16.465385
-1.359723
 16.480590
-1.339155
 16.495829
-1.318638
 16.511106
-1.298191
 16.526428
-1.277826
 16.541799
-1.257561
 16.557225
-1.237410
 16.572711
-1.217388
 16.588266
-1.197510
 16.603894
-1.177792
 16.619604
-1.158249
 16.635404
-1.138894
 16.651302
-1.119743
 16.667307
-1.100810
 16.683431
-1.082110
 16.699684
-1.063656
 16.716081
-1.045463
 16.732635
-1.027543
 16.749364
-1.009910
 16.766288
-0.992576
 16.783429
-0.975553
 16.800815
-0.958850
 16.818480
-0.942476
 16.836464
-0.926437
 16.854821
-0.910734
 16.873619
-0.895361
 16.892953
-0.880299
 16.912958
-0.865504
 16.933846
-0.850872
 16.955990
-0.836129
 16.980199
-0.820099
 17.009407
-0.808479
 17.033177
-0.797953
 17.057395
-0.789544
 17.079375
-0.782625
 17.100034
-0.776887
 17.119812
-0.772154
 17.138935
-0.768306
 17.157543
-0.765256
 17.175728
-0.762935
 17.193558
-0.761288
 17.211084
-0.760266
 17.228346
-0.759828
 17.245376
-0.759936
 17.262200
-0.760558
 17.278841
-0.761662
 17.295317
-0.763220
 17.311646
-0.765206
 17.327840
-0.767595
 17.343913
-0.770361
 17.359876
-0.773484
 17.375740
-0.776939
 17.391512
-0.780707
 17.407202
-0.784766
 17.422818
-0.789096
 17.438366
-0.793678
 17.453854
-0.798493
 17.469287
-0.803521
 17.484671
-0.808743
 17.500013
-0.814142
 17.515317
-0.819699
 17.530588
-0.825397
 17.545832
-0.831217
 17.561054
-0.837143
 17.576257
-0.843156
 17.591447
-0.849239
 17.606627
-0.855375
 17.621804
-0.861547
 17.636980
-0.867738
 17.652160
-0.873931
 17.667349
-0.880107
 17.682552
-0.886252
 17.697772
-0.892347
 17.713015
-0.898375
 17.728284
-0.904319
 17.743586
-0.910162
 17.758925
-0.915886
 17.774306
-0.921474
 17.789735
-0.926909
 17.805218
-0.932173
 17.820760
-0.937248
 17.836368
-0.942114
 17.852049
-0.946755
 17.867811
-0.951151
 17.883661
-0.955283
 17.899609
-0.959131
 17.915663
-0.962674
 17.931834
-0.965891
 17.948135
-0.968761
 17.964578
-0.971259
 17.981178
-0.973362
 17.997953
-0.975044
 18.014923
-0.976276
 18.032109
-0.977027
 18.049542
-0.977263
 18.067253
-0.976945
 18.085285
-0.976027
 18.103692
-0.974456
 18.122542
-0.972162
 18.141932
-0.969055
 18.162000
-0.965006
 18.182963
-0.959805
 18.205205
-0.953034
 18.229570
-0.943269
 18.259258
-0.934302
 18.282912
-0.924118
 18.306963
-0.913919
 18.328868
-0.903530
 18.349483
-0.892873
 18.369231
-0.881924
 18.388333
-0.870678
 18.406923
-0.859138
 18.425094
-0.847313
 18.442912
-0.835214
 18.460426
-0.822854
 18.477678
-0.810245
 18.494697
-0.797401
 18.511512
-0.784337
 18.528143
-0.771067
 18.544609
-0.757605
 18.560927
-0.743968
 18.577111
-0.730169
 18.593173
-0.716223
 18.609125
-0.702146
 18.624976
-0.687953
 18.640737
-0.673659
 18.656414
-0.659280
 18.672016
-0.644829
 18.687550
-0.630324
 18.703023
-0.615779
 18.718441
-0.601209
 18.733809
-0.586630
 18.749134
-0.572059
 18.764420
-0.557509
 18.779673
-0.542997
 18.794897
-0.528539
 18.810098
-0.514151
 18.825280
-0.499847
 18.840448
-0.485645
 18.855606
-0.471561
 18.870757
-0.457610
 18.885908
-0.443809
 18.901062
-0.430174
 18.916224
-0.416723
 18.931397
-0.403470
 18.946587
-0.390434
 18.961797
-0.377631
 18.977034
-0.365078
 18.992300
-0.352794
 19.007602
-0.340794
 19.022945
-0.329099
 19.038333
-0.317724
 19.053773
-0.306689
 19.069270
-0.296014
 19.084831
-0.285716
 19.100462
-0.275815
 19.116170
-0.266333
 19.131964
-0.257289
 19.147851
-0.248706
 19.163842
-0.240605
 19.179945
-0.233010
 19.196173
-0.225946
 19.212537
-0.219438
 19.229053
-0.213513
 19.245736
-0.208201
 19.262605
-0.203535
 19.279681
-0.199548
 19.296991
-0.196280
 19.314566
-0.193775
 19.332444
-0.192084
 19.350673
-0.191268
 19.369315
-0.191401
 19.388455
-0.192580
 19.408211
-0.194938
 19.428763
-0.198677
 19.450411
-0.204155
 19.473754
-0.212271
 19.500480
-0.221314
 19.524679
-0.231262
 19.547404
-0.242692
 19.570284
-0.254563
 19.591536
-0.266942
 19.611719
-0.279856
 19.631143
-0.293304
 19.649985
-0.307274
 19.668359
-0.321750
 19.686343
-0.336716
 19.703997
-0.352151
 19.721365
-0.368037
 19.738484
-0.384355
 19.755383
-0.401086
 19.772085
-0.418212
 19.788613
-0.435714
 19.804982
-0.453574
 19.821209
-0.471774
 19.837306
-0.490296
 19.853287
-0.509124
 19.869160
-0.528238
 19.884937
-0.547622
 19.900625
-0.567260
 19.916234
-0.587133
 19.931769
-0.607225
 19.947238
-0.627520
 19.962648
-0.648000
 19.978004
-0.668650
 19.993313
-0.689452
 20.008579
-0.710390
 20.023807
-0.731448
 20.039004
-0.752610
 20.054173
-0.773859
 20.069319
-0.795179
 20.084446
-0.816555
 20.099560
-0.837969
 20.114664
-0.859405
 20.129762
-0.880849
 20.144860
-0.902283
 20.159961
-0.923692
 20.175069
-0.945060
 20.190189
-0.966370
 20.205325
-0.987608
 20.220481
-1.008756
 20.235663
-1.029798
 20.250874
-1.050720
 20.266120
-1.071505
 20.281406
-1.092136
 20.296736
-1.112598
 20.312116
-1.132876
 20.327552
-1.152952
 20.343050
-1.172811
 20.358617
-1.192436
 20.374259
-1.211812
 20.389983
-1.230923
 20.405799
-1.249751
 20.421713
-1.268281
 20.437738
-1.286496
 20.453882
-1.304379
 20.470158
-1.321914
 20.486579
-1.339085
 20.503161
-1.355874
 20.519920
-1.372264
 20.536878
-1.388239
 20.554057
-1.403781
 20.571487
-1.418874
 20.589202
-1.433501
 20.607245
-1.447646
 20.625671
-1.461295
 20.644553
-1.474438
 20.663990
-1.487068
 20.684129
-1.499196
 20.705203
-1.510868
 20.727631
-1.522258
 20.752381
-1.533293
 20.780500
-1.540946
 20.803963
-1.547265
 20.827748
-1.551782
 20.849502
-1.554946
 20.870016
-1.556991
 20.889686
-1.558059
 20.908723
-1.558251
 20.927259
-1.557642
 20.945382
-1.556292
 20.963157
-1.554254
 20.980634
-1.551571
 20.997850
-1.548281
 21.014839
-1.544420
 21.031624
-1.540019
 21.048228
-1.535109
 21.064670
-1.529716
 21.080965
-1.523866
 21.097128
-1.517584
 21.113170
-1.510893
 21.129104
-1.503816
 21.144938
-1.496375
 21.160683
-1.488590
 21.176346
-1.480483
 21.191934
-1.472072
 21.207456
-1.463379
 21.222917
-1.454421
 21.238324
-1.445218
 21.253683
-1.435788
 21.268998
-1.426149
 21.284276
-1.416319
 21.299522
-1.406317
 21.314740
-1.396159
 21.329936
-1.385863
 21.345113
-1.375447
 21.360276
-1.364927
 21.375430
-1.354321
 21.390579
-1.343646
 21.405728
-1.332918
 21.420881
-1.322154
 21.436042
-1.311370
 21.451215
-1.300585
 21.466406
-1.289813
 21.481618
-1.279073
 21.496857
-1.268379
 21.512127
-1.257750
 21.527433
-1.247201
 21.542780
-1.236750
 21.558174
-1.226412
 21.573620
-1.216206
 21.589125
-1.206146
 21.604694
-1.196251
 21.620334
-1.186538
 21.636052
-1.177023
 21.651857
-1.167725
 21.667757
-1.158661
 21.683761
-1.149848
 21.699879
-1.141306
 21.716123
-1.133053
 21.732505
-1.125108
 21.749040
-1.117491
 21.765744
-1.110224
 21.782635
-1.103327
 21.799737
-1.096823
 21.817075
-1.090738
 21.834681
-1.085097
 21.852593
-1.079929
 21.870861
-1.075269
 21.889549
-1.071152
 21.908741
-1.067626
 21.928560
-1.064749
 21.949192
-1.062600
 21.970948
-1.061308
 21.994461
-1.061155
 22.021580
-1.062237
 22.045942
-1.064268
 22.068539
-1.067303
 22.091276
-1.071014
 22.112455
-1.075322
 22.132599
-1.080177
 22.152002
-1.085538
 22.170833
-1.091370
 22.189204
-1.097643
 22.207191
-1.104328
 22.224852
-1.111401
 22.242232
-1.118837
 22.259365
-1.126615
 22.276281
-1.134713
 22.293004
-1.143110
 22.309554
-1.151788
 22.325947
-1.160727
 22.342200
-1.169909
 22.358326
-1.179315
 22.374336
-1.188928
 22.390242
-1.198729
 22.406052
-1.208703
 22.421776
-1.218831
 22.437421
-1.229096
 22.452995
-1.239483
 22.468505
-1.249973
 22.483957
-1.260551
 22.499357
-1.271199
 22.514712
-1.281903
 22.530025
-1.292643
 22.545304
-1.303406
 22.560552
-1.314173
 22.575775
-1.324929
 22.590977
-1.335658
 22.606162
-1.346342
 22.621337
-1.356965
 22.636503
-1.367511
 22.651668
-1.377963
 22.666833
-1.388304
 22.682005
-1.398518
 22.697187
-1.408588
 22.712385
-1.418497
 22.727601
-1.428228
 22.742842
-1.437764
 22.758112
-1.447086
 22.773415
-1.456179
 22.788757
-1.465023
 22.804144
-1.473601
 22.819580
-1.481895
 22.835071
-1.489885
 22.850625
-1.497554
 22.866247
-1.504881
 22.881944
-1.511846
 22.897725
-1.518430
 22.913596
-1.524611
 22.929568
-1.530367
 22.945651
-1.535675
 22.961854
-1.540512
 22.978191
-1.544852
 22.994675
-1.548670
 23.011321
-1.551936
 23.028148
-1.554619
 23.045177
-1.556687
 23.062433
-1.558100
 23.079944
-1.558818
 23.097748
-1.558791
 23.115888
-1.557962
 23.134425
-1.556258
 23.153434
-1.553590
 23.173024
-1.549832
 23.193354
-1.544801
 23.214684
-1.538180
 23.237503
-1.529255
 23.263022
-1.518488
 23.289088
-1.507515
 23.312275
-1.495112
 23.335696
-1.482534
 23.357258
-1.469634
 23.377649
-1.456340
 23.397229
-1.442634
 23.416195
-1.428513
 23.434672
-1.413984
 23.452744
-1.399058
 23.470475
-1.383748
 23.487911
-1.368068
 23.505091
-1.352035
 23.522045
-1.335664
 23.538797
-1.318971
 23.555371
-1.301972
 23.571783
-1.284683
 23.588049
-1.267120
 23.604184
-1.249301
 23.620198
-1.231240
 23.636104
-1.212954
 23.651912
-1.194459
 23.667629
-1.175772
 23.683264
-1.156908
 23.698826
-1.137884
 23.714320
-1.118715
 23.729753
-1.099417
 23.745132
-1.080007
 23.760461
-1.060501
 23.775748
-1.040913
 23.790996
-1.021261
 23.806212
-1.001561
 23.821399
-0.981827
 23.836562
-0.962077
 23.851707
-0.942325
 23.866837
-0.922589
 23.881956
-0.902884
 23.897070
-0.883226
 23.912182
-0.863632
 23.927297
-0.844116
 23.942419
-0.824696
 23.957552
-0.805387
 23.972701
-0.786206
 23.987871
-0.767169
 24.003064
-0.748292
 24.018288
-0.729592
 24.033545
-0.711085
 24.048842
-0.692788
 24.064183
-0.674717
 24.079574
-0.656889
 24.095021
-0.639322
 24.110529
-0.622031
 24.126106
-0.605035
 24.141758
-0.588351
 24.157492
-0.571997
 24.173318
-0.555990
 24.189242
-0.540350
 24.205276
-0.525093
 24.221430
-0.510240
 24.237716
-0.495811
 24.254147
-0.481824
 24.270739
-0.468302
 24.287508
-0.455264
 24.304477
-0.442735
 24.321667
-0.430738
 24.339109
-0.419297
 24.356836
-0.408439
 24.374893
-0.398194
 24.393334
-0.388593
 24.412233
-0.379671
 24.431692
-0.371470
 24.451857
-0.364034
 24.472967
-0.357418
 24.495449
-0.351679
 24.520304
-0.347226
 24.548077
-0.345078
 24.571497
-0.344394
 24.595223
-0.345077
 24.616944
-0.346856
 24.637435
-0.349586
 24.657088
-0.353170
 24.676110
-0.357536
 24.694631
-0.362627
 24.712741
-0.368395
 24.730504
-0.374799
 24.747969
-0.381802
 24.765174
-0.389372
 24.782151
-0.397478
 24.798925
-0.406093
 24.815518
-0.415189
 24.831949
-0.424743
 24.848233
-0.434730
 24.864384
-0.445128
 24.880414
-0.455915
 24.896336
-0.467071
 24.912158
-0.478574
 24.927890
-0.490404
 24.943540
-0.502542
 24.959116
-0.514970
 24.974624
-0.527667
 24.990071
-0.540617
 25.005464
-0.553799
 25.020808
-0.567198
 25.036109
-0.580794
 25.051372
-0.594570
 25.066602
-0.608510
 25.081803
-0.622595
 25.096982
-0.636809
 25.112141
-0.651135
 25.127287
-0.665555
 25.142422
-0.680054
 25.157552
-0.694614
 25.172681
-0.709220
 25.187813
-0.723853
 25.202952
-0.738499
 25.218104
-0.753140
 25.233271
-0.767761
 25.248459
-0.782344
 25.263673
-0.796874
 25.278917
-0.811334
 25.294195
-0.825709
 25.309514
-0.839981
 25.324878
-0.854134
 25.340293
-0.868153
 25.355764
-0.882020
 25.371299
-0.895720
 25.386902
-0.909235
 25.402583
-0.922550
 25.418347
-0.935647
 25.434203
-0.948510
 25.450161
-0.961121
 25.466230
-0.973464
 25.482421
-0.985521
 25.498746
-0.997274
 25.515220
-1.008705
 25.531857
-1.019796
 25.548676
-1.030528
 25.565698
-1.040882
 25.582948
-1.050836
 25.600454
-1.060370
 25.618254
-1.069462
 25.636393
-1.078088
 25.654928
-1.086222
 25.673939
-1.093839
 25.693532
-1.100909
 25.713869
-1.107400
 25.735209
-1.113285
 25.758045
-1.118559
 25.783602
-1.122499
 25.809601
-1.124801
 25.832787
-1.125973
 25.856203
-1.126035
 25.877768
-1.125207
 25.898166
-1.123611
 25.917755
-1.121329
 25.936733
-1.118422
 25.955222
-1.114940
 25.973308
-1.110922
 25.991054
-1.106405
 26.008506
-1.101421
 26.025703
-1.095998
 26.042675
-1.090163
 26.059447
-1.083941
 26.076041
-1.077356
 26.092475
-1.070429
 26.108763
-1.063182
 26.124921
-1.055637
 26.140961
-1.047812
 26.156892
-1.039728
 26.172726
-1.031403
 26.188471
-1.022856
 26.204136
-1.014105
 26.219727
-1.005169
 26.235253
-0.996065
 26.250718
-0.986811
 26.266131
-0.977425
 26.281496
-0.967922
 26.296819
-0.958321
 26.312105
-0.948639
 26.327360
-0.938893
 26.342587
-0.929099
 26.357793
-0.919274
 26.372982
-0.909435
 26.388157
-0.899599
 26.403325
-0.889783
 26.418488
-0.880003
 26.433651
-0.870277
 26.448820
-0.860620
 26.463998
-0.851049
 26.479189
-0.841583
 26.494399
-0.832237
 26.509631
-0.823028
 26.524891
-0.813975
 26.540183
-0.805093
 26.555513
-0.796401
 26.570886
-0.787916
 26.586306
-0.779656
 26.601781
-0.771639
 26.617315
-0.763883
 26.632916
-0.756407
 26.648591
-0.749230
 26.664346
-0.742372
 26.680190
-0.735851
 26.696132
-0.729690
 26.712181
-0.723908
 26.728348
-0.718529
 26.744644
-0.713575
 26.761084
-0.709070
 26.777681
-0.705041
 26.794454
-0.701514
 26.811422
-0.698520
 26.828608
-0.696092
 26.846041
-0.694265
 26.863755
-0.693081
 26.881791
-0.692589
 26.900204
-0.692846
 26.919064
-0.693926
 26.938468
-0.695923
 26.958556
-0.698976
 26.979552
-0.703303
 27.001848
-0.709346
 27.026325
-0.718646
 27.056470
-0.727312
 27.079972
-0.737365
 27.103830
-0.747645
 27.125628
-0.758275
 27.146172
-0.769309
 27.165866
-0.780756
 27.184923
-0.792613
 27.203474
-0.804868
 27.221611
-0.817507
 27.239397
-0.830516
 27.256883
-0.843877
 27.274107
-0.857575
 27.291101
-0.871593
 27.307892
-0.885914
 27.324499
-0.900522
 27.340944
-0.915400
 27.357240
-0.930531
 27.373403
-0.945899
 27.389445
-0.961489
 27.405377
-0.977282
 27.421208
-0.993264
 27.436949
-1.009418
 27.452607
-1.025728
 27.468190
-1.042177
 27.483705
-1.058751
 27.499159
-1.075432
 27.514558
-1.092205
 27.529907
-1.109054
 27.545213
-1.125963
 27.560480
-1.142915
 27.575713
-1.159895
 27.590918
-1.176887
 27.606100
-1.193875
 27.621262
-1.210843
 27.636409
-1.227774
 27.651546
-1.244653
 27.666677
-1.261463
 27.681806
-1.278189
 27.696938
-1.294813
 27.712077
-1.311321
 27.727228
-1.327694
 27.742394
-1.343918
 27.757581
-1.359974
 27.772792
-1.375848
 27.788033
-1.391521
 27.803309
-1.406978
 27.818624
-1.422200
 27.833984
-1.437172
 27.849394
-1.451874
 27.864860
-1.466291
 27.880389
-1.480403
 27.895986
-1.494194
 27.911659
-1.507643
 27.927416
-1.520734
 27.943264
-1.533446
 27.959213
-1.545760
 27.975272
-1.557655
 27.991452
-1.569111
 28.007766
-1.580105
 28.024227
-1.590616
 28.040850
-1.600620
 28.057654
-1.610091
 28.074660
-1.619002
 28.091891
-1.627325
 28.109377
-1.635028
 28.127155
-1.642076
 28.145269
-1.648428
 28.163776
-1.654039
 28.182753
-1.658852
 28.202307
-1.662795
 28.222594
-1.665773
 28.243870
-1.667635
 28.266610
-1.668099
 28.291980
-1.666773
 28.318363
-1.664085
 28.341590
-1.659930
 28.365063
-1.654844
 28.386651
-1.648934
 28.407056
-1.642267
 28.426646
-1.634896
 28.445619
-1.626865
 28.464101
-1.618214
 28.482177
-1.608977
 28.499911
-1.599187
 28.517351
-1.588870
 28.534533
-1.578055
 28.551490
-1.566766
 28.568245
-1.555027
 28.584821
-1.542861
 28.601235
-1.530290
 28.617504
-1.517335
 28.633641
-1.504016
 28.649659
-1.490354
 28.665568
-1.476367
 28.681378
-1.462074
 28.697099
-1.447495
 28.712738
-1.432648
 28.728303
-1.417550
 28.743801
-1.402220
 28.759238
-1.386675
 28.774621
-1.370933
 28.789956
-1.355011
 28.805247
-1.338926
 28.820501
-1.322695
 28.835721
-1.306335
 28.850914
-1.289863
 28.866084
-1.273295
 28.881235
-1.256648
 28.896371
-1.239939
 28.911498
-1.223183
 28.926619
-1.206399
 28.941739
-1.189601
 28.956862
-1.172806
 28.971993
-1.156030
 28.987135
-1.139291
 29.002294
-1.122603
 29.017473
-1.105984
 29.032677
-1.089449
 29.047911
-1.073014
 29.063181
-1.056697
 29.078489
-1.040513
 29.093843
-1.024479
 29.109248
-1.008611
 29.124709
-0.992925
 29.140232
-0.977438
 29.155825
-0.962166
 29.171493
-0.947127
 29.187245
-0.932337
 29.203089
-0.917813
 29.219034
-0.903572
 29.235089
-0.889632
 29.251266
-0.876010
 29.267576
-0.862724
 29.284034
-0.849793
 29.300654
-0.837234
 29.317454
-0.825068
 29.334456
-0.813313
 29.351684
-0.801991
 29.369167
-0.791122
 29.386940
-0.780729
 29.405049
-0.770835
 29.423551
-0.761465
 29.442521
-0.752644
 29.462066
-0.744399
 29.482342
-0.736758
 29.503599
-0.729740
 29.526307
-0.723323
 29.551604
-0.718175
 29.578208
-0.715014
 29.601478
-0.713088
 29.625003
-0.712434
 29.646624
-0.712788
 29.667056
-0.714006
 29.686668
-0.715994
 29.705662
-0.718680
 29.724164
-0.722011
 29.742259
-0.725941
 29.760012
-0.730431
 29.777470
-0.735444
 29.794671
-0.740952
 29.811645
-0.746924
 29.828419
-0.753333
 29.845014
-0.760156
 29.861447
-0.767367
 29.877735
-0.774945
 29.893892
-0.782868
 29.909930
-0.791115
 29.925859
-0.799665
 29.941690
-0.808498
 29.957432
-0.817597
 29.973093
-0.826940
 29.988680
-0.836510
 30.004201
-0.846289
 30.019662
-0.856258
 30.035069
-0.866401
 30.050428
-0.876698
 30.065745
-0.887133
 30.081025
-0.897688
 30.096273
-0.908346
 30.111493
-0.919091
 30.126692
-0.929905
 30.141872
-0.940771
 30.157039
-0.951673
 30.172198
-0.962593
 30.187352
-0.973515
 30.202505
-0.984422
 30.217664
-0.995298
 30.232830
-1.006126
 30.248011
-1.016888
 30.263208
-1.027569
 30.278428
-1.038151
 30.293675
-1.048618
 30.308954
-1.058952
 30.324269
-1.069137
 30.339626
-1.079156
 30.355030
-1.088990
 30.370488
-1.098623
 30.386004
-1.108037
 30.401586
-1.117214
 30.417241
-1.126137
 30.432974
-1.134786
 30.448795
-1.143142
 30.464713
-1.151188
 30.480735
-1.158902
 30.496874
-1.166264
 30.513140
-1.173254
 30.529546
-1.179850
 30.546108
-1.186027
 30.562841
-1.191763
 30.579765
-1.197031
 30.596903
-1.201803
 30.614282
-1.206048
 30.631935
-1.209732
 30.649901
-1.212816
 30.668232
-1.215255
 30.686994
-1.216994
 30.706279
-1.217962
 30.726216
-1.218064
 30.747006
-1.217156
 30.768995
-1.214975
 30.792914
-1.210795
 30.821167
-1.205862
 30.845258
-1.200201
 30.867481
-1.193451
 30.889809
-1.186169
 30.910738
-1.178373
 30.930706
-1.170079
 30.949974
-1.161309
 30.968697
-1.152084
 30.986976
-1.142429
 31.004884
-1.132364
 31.022476
-1.121911
 31.039794
-1.111090
 31.056871
-1.099921
 31.073736
-1.088423
 31.090412
-1.076615
 31.106918
-1.064516
 31.123271
-1.052143
 31.139485
-1.039514
 31.155575
-1.026646
 31.171551
-1.013558
 31.187424
-1.000265
 31.203203
-0.986785
 31.218897
-0.973135
 31.234513
-0.959331
 31.250059
-0.945390
 31.265542
-0.931328
 31.280968
-0.917163
 31.296343
-0.902909
 31.311673
-0.888583
 31.326962
-0.874203
 31.342217
-0.859783
 31.357442
-0.845341
 31.372641
-0.830892
 31.387820
-0.816453
 31.402984
-0.802041
 31.418136
-0.787670
 31.433280
-0.773358
 31.448423
-0.759121
 31.463566
-0.744976
 31.478716
-0.730938
 31.493877
-0.717025
 31.509052
-0.703253
 31.524246
-0.689639
 31.539465
-0.676199
 31.554712
-0.662951
 31.569992
-0.649911
 31.585311
-0.637097
 31.600674
-0.624527
 31.616086
-0.612217
 31.631553
-0.600186
 31.647082
-0.588451
 31.662678
-0.577032
 31.678348
-0.565947
 31.694101
-0.555215
 31.709944
-0.544855
 31.725886
-0.534889
 31.741937
-0.525336
 31.758108
-0.516218
 31.774410
-0.507559
 31.790857
-0.499380
 31.807464
-0.491708
 31.824249
-0.484569
 31.841232
-0.477990
 31.858438
-0.472004
 31.875894
-0.466644
 31.893636
-0.461948
 31.911707
-0.457962
 31.930163
-0.454736
 31.949077
-0.452336
 31.968551
-0.450845
 31.988732
-0.450380
 32.009859
-0.451124
 32.032363
-0.453441
 32.057250
-0.457870
 32.084970
-0.463125
 32.108390
-0.469850
 32.132114
-0.477235
 32.153837
-0.485262
 32.174330
-0.493914
 32.193985
-0.503163
 32.213009
-0.512981
 32.231533
-0.523339
 32.249645
-0.534212
 32.267409
-0.545573
 32.284875
-0.557398
 32.302081
-0.569667
 32.319058
-0.582355
 32.335833
-0.595443
 32.352426
-0.608910
 32.368856
-0.622735
 32.385139
-0.636901
 32.401289
-0.651387
 32.417318
-0.666175
 32.433238
-0.681247
 32.449058
-0.696585
 32.464788
-0.712172
 32.480435
-0.727989
 32.496008
-0.744019
 32.511512
-0.760245
 32.526956
-0.776651
 32.542345
-0.793219
 32.557685
-0.809932
 32.572981
-0.826774
 32.588238
-0.843728
 32.603463
-0.860778
 32.618659
-0.877906
 32.633831
-0.895098
 32.648984
-0.912335
 32.664123
-0.929603
 32.679251
-0.946884
 32.694373
-0.964162
 32.709494
-0.981422
 32.724617
-0.998646
 32.739747
-1.015818
 32.754889
-1.032923
 32.770046
-1.049944
 32.785223
-1.066865
 32.800426
-1.083668
 32.815658
-1.100339
 32.830924
-1.116860
 32.846229
-1.133215
 32.861579
-1.149387
 32.876979
-1.165361
 32.892435
-1.181118
 32.907953
-1.196642
 32.923539
-1.211916
 32.939200
-1.226924
 32.954945
-1.241647
 32.970780
-1.256068
 32.986716
-1.270169
 33.002761
-1.283932
 33.018926
-1.297338
 33.035224
-1.310369
 33.051668
-1.323005
 33.068273
-1.335226
 33.085057
-1.347011
 33.102040
-1.358339
 33.119247
-1.369187
 33.136706
-1.379531
 33.154453
-1.389346
 33.172531
-1.398604
 33.190997
-1.407275
 33.209924
-1.415325
 33.229415
-1.422717
 33.249621
-1.429405
 33.270784
-1.435340
 33.293345
-1.440466
 33.318349
-1.444324
 33.345720
-1.446169
 33.369097
-1.446682
 33.392761
-1.445964
 33.414454
-1.444255
 33.434930
-1.441685
 33.454574
-1.438342
 33.473591
-1.434292
 33.492110
-1.429587
 33.510219
-1.424270
 33.527983
-1.418381
 33.545449
-1.411953
 33.562657
-1.405017
 33.579637
-1.397602
 33.596415
-1.389732
 33.613012
-1.381435
 33.629447
-1.372732
 33.645736
-1.363647
 33.661893
-1.354201
 33.677930
-1.344415
 33.693858
-1.334310
 33.709687
-1.323904
 33.725426
-1.313219
 33.741084
-1.302271
 33.756667
-1.291081
 33.772184
-1.279665
 33.787640
-1.268044
 33.803042
-1.256233
 33.818395
-1.244251
 33.833706
-1.232115
 33.848979
-1.219842
 33.864219
-1.207450
 33.879432
-1.194955
 33.894621
-1.182375
 33.909793
-1.169726
 33.924950
-1.157025
 33.940099
-1.144290
 33.955242
-1.131535
 33.970384
-1.118779
 33.985530
-1.106037
 34.000684
-1.093327
 34.015851
-1.080664
 34.031035
-1.068066
 34.046240
-1.055549
 34.061471
-1.043130
 34.076733
-1.030825
 34.092031
-1.018651
 34.107369
-1.006625
 34.122754
-0.994764
 34.138191
-0.983084
 34.153686
-0.971604
 34.169245
-0.960340
 34.184874
-0.949310
 34.200582
-0.938531
 34.216375
-0.928022
 34.232263
-0.917800
 34.248253
-0.907885
 34.264358
-0.898296
 34.280587
-0.889052
 34.296953
-0.880174
 34.313471
-0.871682
 34.330157
-0.863599
 34.347029
-0.855948
 34.364109
-0.848753
 34.381424
-0.842041
 34.399003
-0.835841
 34.416887
-0.830184
 34.435121
-0.825107
 34.453770
-0.820653
 34.472917
-0.816871
 34.492680
-0.813829
 34.513239
-0.811616
 34.534895
-0.810378
 34.558242
-0.810430
 34.584960
-0.811829
 34.609153
-0.814312
 34.631913
-0.817949
 34.654829
-0.822336
 34.676110
-0.827390
 34.696320
-0.833058
 34.715770
-0.839297
 34.734637
-0.846068
 34.753035
-0.853339
 34.771043
-0.861081
 34.788722
-0.869266
 34.806115
-0.877868
 34.823259
-0.886865
 34.840184
-0.896235
 34.856913
-0.905955
 34.873467
-0.916005
 34.889864
-0.926365
 34.906118
-0.937016
 34.922245
-0.947940
 34.938254
-0.959116
 34.954158
-0.970528
 34.969965
-0.982158
 34.985685
-0.993988
 35.001326
-1.005999
 35.016895
-1.018177
 35.032398
-1.030502
 35.047843
-1.042959
 35.063236
-1.055530
 35.078581
-1.068199
 35.093886
-1.080948
 35.109154
-1.093762
 35.124391
-1.106624
 35.139602
-1.119518
 35.154791
-1.132426
 35.169964
-1.145333
 35.185124
-1.158221
 35.200276
-1.171075
 35.215424
-1.183877
 35.230573
-1.196613
 35.245727
-1.209263
 35.260890
-1.221814
 35.276068
-1.234246
 35.291263
-1.246545
 35.306482
-1.258692
 35.321728
-1.270671
 35.337007
-1.282465
 35.352323
-1.294057
 35.367682
-1.305429
 35.383089
-1.316564
 35.398550
-1.327445
 35.414071
-1.338052
 35.429659
-1.348367
 35.445319
-1.358373
 35.461061
-1.368050
 35.476891
-1.377379
 35.492818
-1.386339
 35.508852
-1.394910
 35.525003
-1.403070
 35.541284
-1.410799
 35.557707
-1.418071
 35.574288
-1.424863
 35.591043
-1.431149
 35.607992
-1.436901
 35.625158
-1.442088
 35.642569
-1.446676
 35.660260
-1.450630
 35.678270
-1.453904
 35.696654
-1.456448
 35.715481
-1.458200
 35.734846
-1.459079
 35.754887
-1.458975
 35.775819
-1.457713
 35.798025
-1.454967
 35.822339
-1.449706
 35.851901
-1.443982
 35.875561
-1.436786
 35.899629
-1.429048
 35.921531
-1.420745
 35.942139
-1.411878
 35.961877
-1.402464
 35.980967
-1.392527
 35.999545
-1.382091
 36.017702
-1.371179
 36.035506
-1.359816
 36.053006
-1.348021
 36.070243
-1.335817
 36.087248
-1.323225
 36.104047
-1.310263
 36.120663
-1.296952
 36.137114
-1.283311
 36.153416
-1.269358
 36.169584
-1.255111
 36.185630
-1.240589
 36.201566
-1.225809
 36.217401
-1.210789
 36.233144
-1.195545
 36.248804
-1.180096
 36.264389
-1.164458
 36.279905
-1.148648
 36.295360
-1.132683
 36.310759
-1.116579
 36.326108
-1.100353
 36.341414
-1.084021
 36.356680
-1.067600
 36.371913
-1.051107
 36.387117
-1.034557
 36.402297
-1.017967
 36.417457
-1.001354
 36.432603
-0.984733
 36.447737
-0.968121
 36.462866
-0.951534
 36.477992
-0.934988
 36.493121
-0.918500
 36.508257
-0.902086
 36.523403
-0.885763
 36.538565
-0.869546
 36.553747
-0.853452
 36.568954
-0.837498
 36.584190
-0.821701
 36.599460
-0.806076
 36.614769
-0.790640
 36.630122
-0.775412
 36.645525
-0.760406
 36.660984
-0.745641
 36.676504
-0.731134
 36.692093
-0.716902
 36.707757
-0.702963
 36.723503
-0.689335
 36.739341
-0.676037
 36.755278
-0.663086
 36.771324
-0.650502
 36.787490
-0.638305
 36.803789
-0.626514
 36.820233
-0.615151
 36.836838
-0.604237
 36.853622
-0.593795
 36.870605
-0.583848
 36.887811
-0.574423
 36.905269
-0.565545
 36.923013
-0.557246
 36.941089
-0.549558
 36.959551
-0.542518
 36.978473
-0.536170
 36.997959
-0.530568
 37.018157
-0.525777
 37.039309
-0.521894
 37.061853
-0.519072
 37.086821
-0.517768
 37.114290
-0.518141
 37.137679
-0.519902
 37.161359
-0.522728
 37.183060
-0.526446
 37.203540
-0.530959
 37.223186
-0.536198
 37.242204
-0.542108
 37.260723
-0.548644
 37.278832
-0.555768
 37.296595
-0.563444
 37.314060
-0.571642
 37.331267
-0.580333
 37.348245
-0.589491
 37.365021
-0.599091
 37.381615
-0.609109
 37.398048
-0.619523
 37.414334
-0.630311
 37.430488
-0.641453
 37.446521
-0.652927
 37.462446
-0.664715
 37.478271
-0.676797
 37.494006
-0.689154
 37.509659
-0.701768
 37.525238
-0.714620
 37.540750
-0.727693
 37.556201
-0.740968
 37.571598
-0.754428
 37.586946
-0.768056
 37.602251
-0.781835
 37.617517
-0.795746
 37.632751
-0.809775
 37.647958
-0.823902
 37.663141
-0.838113
 37.678305
-0.852389
 37.693455
-0.866715
 37.708595
-0.881074
 37.723730
-0.895449
 37.738864
-0.909824
 37.754002
-0.924182
 37.769147
-0.938507
 37.784304
-0.952782
 37.799478
-0.966991
 37.814672
-0.981118
 37.829892
-0.995145
 37.845143
-1.009057
 37.860429
-1.022836
 37.875755
-1.036467
 37.891127
-1.049932
 37.906550
-1.063214
 37.922030
-1.076297
 37.937573
-1.089164
 37.953186
-1.101797
 37.968877
-1.114179
 37.984652
-1.126292
 38.000519
-1.138118
 38.016489
-1.149640
 38.032571
-1.160838
 38.048777
-1.171693
 38.065117
-1.182186
 38.081607
-1.192297
 38.098262
-1.202004
 38.115101
-1.211286
 38.132145
-1.220120
 38.149419
-1.228481
 38.166953
-1.236342
 38.184785
-1.243676
 38.202960
-1.250450
 38.221539
-1.256628
 38.240602
-1.262167
 38.260261
-1.267015
 38.280683
-1.271106
 38.302145
-1.274341
 38.325177
-1.276548
 38.351164
-1.277227
 38.376062
-1.276605
 38.399102
-1.274769
 38.422341
-1.272005
 38.443805
-1.268453
 38.464135
-1.264194
 38.483674
-1.259289
 38.502610
-1.253787
 38.521064
-1.247729
 38.539120
-1.241148
 38.556839
-1.234078
 38.574267
-1.226546
 38.591441
-1.218579
 38.608393
-1.210201
 38.625145
-1.201437
 38.641721
-1.192307
 38.658137
-1.182833
 38.674409
-1.173036
 38.690550
-1.162937
 38.706574
-1.152553
 38.722490
-1.141904
 38.738309
-1.131010
 38.754040
-1.119887
 38.769690
-1.108554
 38.785267
-1.097029
 38.800778
-1.085329
 38.816230
-1.073471
 38.831628
-1.061474
 38.846979
-1.049353
 38.862288
-1.037126
 38.877561
-1.024810
 38.892801
-1.012421
 38.908015
-0.999976
 38.923207
-0.987492
 38.938381
-0.974985
 38.953542
-0.962473
 38.968694
-0.949971
 38.983842
-0.937496
 38.998991
-0.925065
 39.014144
-0.912694
 39.029305
-0.900400
 39.044480
-0.888200
 39.059673
-0.876110
 39.074888
-0.864148
 39.090131
-0.852329
 39.105405
-0.840671
 39.120716
-0.829191
 39.136069
-0.817907
 39.151469
-0.806835
 39.166923
-0.795993
 39.182435
-0.785399
 39.198013
-0.775071
 39.213664
-0.765027
 39.229394
-0.755286
 39.245212
-0.745866
 39.261126
-0.736789
 39.277145
-0.728072
 39.293281
-0.719738
 39.309544
-0.711807
 39.325947
-0.704301
 39.342506
-0.697245
 39.359237
-0.690664
 39.376159
-0.684582
 39.393295
-0.679031
 39.410672
-0.674039
 39.428323
-0.669644
 39.446288
-0.665884
 39.464618
-0.662806
 39.483381
-0.660466
 39.502666
-0.658936
 39.522605
-0.658312
 39.543400
-0.658741
 39.565398
-0.660486
 39.589337
-0.664273
 39.617660
-0.668955
 39.641719
-0.674458
 39.663915
-0.681123
 39.686215
-0.688393
 39.707123
-0.696239
 39.727076
-0.704638
 39.746331
-0.713562
 39.765042
-0.722987
 39.783311
-0.732887
 39.801210
-0.743238
 39.818793
-0.754017
 39.836102
-0.765202
 39.853171
-0.776772
 39.870028
-0.788706
 39.886696
-0.800986
 39.903195
-0.813591
 39.919540
-0.826503
 39.935748
-0.839703
 39.951830
-0.853174
 39.967799
-0.866897
 39.983665
-0.880856
 39.999437
-0.895031
 40.015124
-0.909408
 40.030733
-0.923967
 40.046273
-0.938693
 40.061748
-0.953569
 40.077167
-0.968577
 40.092535
-0.983703
 40.107857
-0.998928
 40.123139
-1.014236
 40.138387
-1.029611
 40.153604
-1.045037
 40.168796
-1.060497
 40.183967
-1.075976
 40.199123
-1.091455
 40.214266
-1.106920
 40.229403
-1.122354
 40.244536
-1.137741
 40.259671
-1.153064
 40.274812
-1.168306
 40.289963
-1.183453
 40.305129
-1.198486
 40.320314
-1.213389
 40.335522
-1.228147
 40.350758
-1.242741
 40.366028
-1.257156
 40.381336
-1.271374
 40.396687
-1.285379
 40.412087
-1.299153
 40.427541
-1.312678
 40.443056
-1.325938
 40.458638
-1.338915
 40.474294
-1.351590
 40.490031
-1.363945
 40.505857
-1.375961
 40.521782
-1.387620
 40.537814
-1.398901
 40.553965
-1.409785
 40.570246
-1.420250
 40.586670
-1.430275
 40.603252
-1.439837
 40.620010
-1.448913
 40.636963
-1.457476
 40.654136
-1.465500
 40.671555
-1.472956
 40.689255
-1.479810
 40.707279
-1.486026
 40.725679
-1.491562
 40.744526
-1.496368
 40.763918
-1.500382
 40.783996
-1.503520
 40.804980
-1.505662
 40.827266
-1.506593
 40.851735
-1.505692
 40.881888
-1.503427
 40.905372
-1.499736
 40.929209
-1.495148
 40.950993
-1.489774
 40.971526
-1.483678
 40.991209
-1.476913
 41.010257
-1.469524
 41.028800
-1.461549
 41.046929
-1.453020
 41.064708
-1.443970
 41.082187
-1.434426
 41.099406
-1.424413
 41.116394
-1.413957
 41.133179
-1.403081
 41.149783
-1.391807
 41.166222
-1.380156
 41.182515
-1.368149
 41.198674
-1.355807
 41.214712
-1.343147
 41.230640
-1.330191
 41.246469
-1.316956
 41.262207
-1.303460
 41.277862
-1.289722
 41.293443
-1.275760
 41.308956
-1.261592
 41.324408
-1.247234
 41.339805
-1.232703
 41.355153
-1.218018
 41.370458
-1.203195
 41.385724
-1.188251
 41.400957
-1.173203
 41.416161
-1.158067
 41.431342
-1.142860
 41.446504
-1.127599
 41.461651
-1.112300
 41.476789
-1.096979
 41.491920
-1.081654
 41.507050
-1.066340
 41.522184
-1.051054
 41.537324
-1.035813
 41.552476
-1.020632
 41.567644
-1.005528
 41.582832
-0.990518
 41.598046
-0.975618
 41.613289
-0.960845
 41.628568
-0.946215
 41.643886
-0.931744
 41.659249
-0.917450
 41.674662
-0.903350
 41.690132
-0.889459
 41.705665
-0.875796
 41.721267
-0.862378
 41.736945
-0.849222
 41.752706
-0.836345
 41.768560
-0.823766
 41.784514
-0.811503
 41.800580
-0.799575
 41.816767
-0.788000
 41.833088
-0.776798
 41.849557
-0.765990
 41.866189
-0.755595
 41.883002
-0.745637
 41.900018
-0.736138
 41.917260
-0.727122
 41.934759
-0.718616
 41.952550
-0.710647
 41.970679
-0.703248
 41.989203
-0.696452
 42.008200
-0.690302
 42.027777
-0.684847
 42.048094
-0.680149
 42.069409
-0.676295
 42.092206
-0.673428
 42.117686
-0.672070
 42.143840
-0.672205
 42.167042
-0.673615
 42.190481
-0.676033
 42.212054
-0.679296
 42.232455
-0.683310
 42.252044
-0.688009
 42.271019
-0.693340
 42.289505
-0.699259
 42.307587
-0.705728
 42.325327
-0.712716
 42.342774
-0.720190
 42.359964
-0.728125
 42.376929
-0.736494
 42.393694
-0.745273
 42.410280
-0.754440
 42.426705
-0.763971
 42.442985
-0.773847
 42.459134
-0.784046
 42.475164
-0.794549
 42.491085
-0.805337
 42.506909
-0.816390
 42.522643
-0.827690
 42.538296
-0.839218
 42.553876
-0.850958
 42.569389
-0.862890
 42.584842
-0.874998
 42.600242
-0.887264
 42.615593
-0.899671
 42.630902
-0.912202
 42.646174
-0.924839
 42.661414
-0.937566
 42.676626
-0.950367
 42.691816
-0.963223
 42.706988
-0.976120
 42.722146
-0.989039
 42.737295
-1.001965
 42.752440
-1.014881
 42.767584
-1.027770
 42.782733
-1.040616
 42.797890
-1.053402
 42.813059
-1.066111
 42.828246
-1.078728
 42.843455
-1.091235
 42.858690
-1.103615
 42.873957
-1.115852
 42.889260
-1.127928
 42.904604
-1.139828
 42.919995
-1.151533
 42.935438
-1.163026
 42.950940
-1.174290
 42.966507
-1.185307
 42.982145
-1.196059
 42.997861
-1.206529
 43.013665
-1.216696
 43.029563
-1.226544
 43.045565
-1.236051
 43.061682
-1.245199
 43.077925
-1.253966
 43.094307
-1.262331
 43.110842
-1.270272
 43.127546
-1.277765
 43.144439
-1.284786
 43.161542
-1.291307
 43.178883
-1.297300
 43.196493
-1.302733
 43.214410
-1.307569
 43.232685
-1.311769
 43.251382
-1.315281
 43.270587
-1.318046
 43.290424
-1.319982
 43.311082
-1.320974
 43.332881
-1.320823
 43.356472
-1.319052
 43.383813
-1.316036
 43.408144
-1.312047
 43.430640
-1.306881
 43.453267
-1.301030
 43.474376
-1.294548
 43.494467
-1.287474
 43.513828
-1.279842
 43.532623
-1.271685
 43.550962
-1.263032
 43.568920
-1.253911
 43.586554
-1.244346
 43.603909
-1.234361
 43.621018
-1.223979
 43.637911
-1.213222
 43.654611
-1.202109
 43.671139
-1.190662
 43.687512
-1.178899
 43.703744
-1.166841
 43.719849
-1.154504
 43.735839
-1.141908
 43.751724
-1.129070
 43.767514
-1.116009
 43.783217
-1.102741
 43.798842
-1.089284
 43.814396
-1.075655
 43.829885
-1.061871
 43.845317
-1.047949
 43.860696
-1.033906
 43.876029
-1.019758
 43.891322
-1.005521
 43.906579
-0.991214
 43.921805
-0.976851
 43.937005
-0.962450
 43.952184
-0.948026
 43.967347
-0.933597
 43.982497
-0.919178
 43.997639
-0.904787
 44.012778
-0.890439
 44.027918
-0.876150
 44.043064
-0.861938
 44.058219
-0.847819
 44.073388
-0.833810
 44.088575
-0.819926
 44.103786
-0.806185
 44.119025
-0.792603
 44.134296
-0.779198
 44.149605
-0.765986
 44.164956
-0.752984
 44.180356
-0.740210
 44.195810
-0.727682
 44.211324
-0.715416
 44.226904
-0.703431
 44.242558
-0.691745
 44.258292
-0.680376
 44.274115
-0.669343
 44.290035
-0.658667
 44.306062
-0.648366
 44.322206
-0.638461
 44.338480
-0.628973
 44.354895
-0.619924
 44.371468
-0.611338
 44.388215
-0.603239
 44.405156
-0.595653
 44.422314
-0.588607
 44.439716
-0.582133
 44.457396
-0.576264
 44.475396
-0.571039
 44.493769
-0.566501
 44.512582
-0.562705
 44.531932
-0.559716
 44.551954
-0.557626
 44.572862
-0.556569
 44.595032
-0.556784
 44.619283
-0.558965
 44.648632
-0.562262
 44.672354
-0.567019
 44.696507
-0.572555
 44.718452
-0.578801
 44.739086
-0.585715
 44.758842
-0.593254
 44.777946
-0.601382
 44.796535
-0.610064
 44.814702
-0.619271
 44.832514
-0.628973
 44.850022
-0.639146
 44.867265
-0.649765
 44.884276
-0.660806
 44.901081
-0.672248
 44.917702
-0.684069
 44.934157
-0.696249
 44.950464
-0.708767
 44.966637
-0.721605
 44.982687
-0.734743
 44.998626
-0.748162
 45.014465
-0.761845
 45.030212
-0.775774
 45.045875
-0.789930
 45.061464
-0.804296
 45.076983
-0.818855
 45.092441
-0.833590
 45.107844
-0.848483
 45.123197
-0.863518
 45.138506
-0.878678
 45.153776
-0.893946
 45.169012
-0.909305
 45.184219
-0.924739
 45.199402
-0.940231
 45.214566
-0.955766
 45.229715
-0.971325
 45.244853
-0.986894
 45.259985
-1.002455
 45.275116
-1.017993
 45.290248
-1.033490
 45.305388
-1.048931
 45.320538
-1.064299
 45.335704
-1.079578
 45.350891
-1.094750
 45.366102
-1.109801
 45.381342
-1.124712
 45.396616
-1.139468
 45.411930
-1.154052
 45.427288
-1.168447
 45.442697
-1.182635
 45.458161
-1.196601
 45.473687
-1.210326
 45.489281
-1.223794
 45.504951
-1.236986
 45.520704
-1.249886
 45.536547
-1.262474
 45.552491
-1.274732
 45.568545
-1.286642
 45.584719
-1.298183
 45.601026
-1.309337
 45.617479
-1.320082
 45.634094
-1.330397
 45.650888
-1.340259
 45.667882
-1.349646
 45.685101
-1.358532
 45.702572
-1.366889
 45.720332
-1.374689
 45.738424
-1.381898
 45.756906
-1.388481
 45.775852
-1.394392
 45.795366
-1.399581
 45.815600
-1.403978
 45.836800
-1.407487
 45.859418
-1.409947
 45.884530
-1.410903
 45.911610
-1.410317
 45.934949
-1.408403
 45.958562
-1.405487
 45.980229
-1.401727
 46.000688
-1.397213
 46.020320
-1.392009
 46.039328
-1.386167
 46.057840
-1.379730
 46.075943
-1.372735
 46.093701
-1.365215
 46.111163
-1.357199
 46.128367
-1.348715
 46.145343
-1.339790
 46.162118
-1.330446
 46.178712
-1.320707
 46.195144
-1.310594
 46.211431
-1.300130
 46.227585
-1.289334
 46.243619
-1.278226
 46.259545
-1.266826
 46.275371
-1.255152
 46.291108
-1.243223
 46.306763
-1.231058
 46.322344
-1.218674
 46.337859
-1.206089
 46.353312
-1.193321
 46.368712
-1.180387
 46.384063
-1.167305
 46.399371
-1.154091
 46.414641
-1.140762
 46.429879
-1.127335
 46.445090
-1.113828
 46.460277
-1.100256
 46.475445
-1.086637
 46.490600
-1.072987
 46.505746
-1.059322
 46.520886
-1.045660
 46.536026
-1.032016
 46.551169
-1.018408
 46.566320
-1.004851
 46.581484
-0.991362
 46.596664
-0.977959
 46.611866
-0.964657
 46.627093
-0.951473
 46.642352
-0.938424
 46.657646
-0.925526
 46.672981
-0.912797
 46.688362
-0.900253
 46.703794
-0.887912
 46.719285
-0.875790
 46.734839
-0.863906
 46.750464
-0.852277
 46.766166
-0.840921
 46.781954
-0.829855
 46.797836
-0.819099
 46.813821
-0.808672
 46.829919
-0.798593
 46.846141
-0.788882
 46.862500
-0.779559
 46.879010
-0.770646
 46.895688
-0.762166
 46.912551
-0.754142
 46.929622
-0.746600
 46.946925
-0.739566
 46.964493
-0.733071
 46.982363
-0.727146
 47.000583
-0.721831
 47.019214
-0.717167
 47.038340
-0.713209
 47.058077
-0.710023
 47.078603
-0.707705
 47.100213
-0.706405
 47.123485
-0.706440
 47.150027
-0.707856
 47.173904
-0.710434
 47.196760
-0.714232
 47.219784
-0.718818
 47.241126
-0.724105
 47.261375
-0.730038
 47.280853
-0.736569
 47.299742
-0.743662
 47.318156
-0.751281
 47.336179
-0.759396
 47.353868
-0.767979
 47.371271
-0.777004
 47.388422
-0.786447
 47.405353
-0.796284
 47.422087
-0.806495
 47.438645
-0.817058
 47.455045
-0.827952
 47.471303
-0.839158
 47.487431
-0.850656
 47.503442
-0.862429
 47.519346
-0.874456
 47.535154
-0.886722
 47.550873
-0.899206
 47.566513
-0.911893
 47.582080
-0.924764
 47.597582
-0.937802
 47.613025
-0.950990
 47.628415
-0.964312
 47.643758
-0.977750
 47.659059
-0.991287
 47.674324
-1.004907
 47.689557
-1.018594
 47.704763
-1.032330
 47.719948
-1.046099
 47.735115
-1.059885
 47.750270
-1.073672
 47.765416
-1.087441
 47.780557
-1.101178
 47.795700
-1.114866
 47.810846
-1.128488
 47.826002
-1.142028
 47.841171
-1.155469
 47.856358
-1.168794
 47.871568
-1.181987
 47.886804
-1.195032
 47.902073
-1.207910
 47.917378
-1.220606
 47.932726
-1.233101
 47.948121
-1.245380
 47.963569
-1.257424
 47.979076
-1.269215
 47.994649
-1.280737
 48.010293
-1.291970
 48.026018
-1.302897
 48.041830
-1.313498
 48.057738
-1.323755
 48.073752
-1.333647
 48.089881
-1.343154
 48.106138
-1.352255
 48.122535
-1.360928
 48.139087
-1.369150
 48.155811
-1.376898
 48.172725
-1.384144
 48.189854
-1.390862
 48.207223
-1.397022
 48.224864
-1.402590
 48.242820
-1.407527
 48.261139
-1.411792
 48.279889
-1.415331
 48.299160
-1.418078
 48.319082
-1.419948
 48.339854
-1.420810
 48.361821
-1.420440
 48.385706
-1.418251
 48.413875
-1.414873
 48.437980
-1.410534
 48.460213
-1.405002
 48.482554
-1.398763
 48.503487
-1.391873
 48.523457
-1.384372
 48.542724
-1.376294
 48.561445
-1.367671
 48.579721
-1.358535
 48.597626
-1.348912
 48.615214
-1.338827
 48.632528
-1.328306
 48.649601
-1.317370
 48.666461
-1.306042
 48.683132
-1.294343
 48.699633
-1.282292
 48.715980
-1.269910
 48.732190
-1.257216
 48.748273
-1.244229
 48.764244
-1.230967
 48.780110
-1.217448
 48.795883
-1.203691
 48.811571
-1.189712
 48.827181
-1.175530
 48.842720
-1.161161
 48.858196
-1.146622
 48.873615
-1.131931
 48.888983
-1.117105
 48.904305
-1.102160
 48.919587
-1.087112
 48.934834
-1.071979
 48.950051
-1.056777
 48.965242
-1.041523
 48.980413
-1.026232
 48.995568
-1.010922
 49.010711
-0.995608
 49.025846
-0.980307
 49.040979
-0.965036
 49.056113
-0.949811
 49.071253
-0.934648
 49.086402
-0.919564
 49.101567
-0.904575
 49.116750
-0.889698
 49.131956
-0.874948
 49.147191
-0.860344
 49.162459
-0.845901
 49.177764
-0.831637
 49.193113
-0.817567
 49.208511
-0.803710
 49.223963
-0.790083
 49.239475
-0.776702
 49.255054
-0.763585
 49.270707
-0.750751
 49.286441
-0.738216
 49.302264
-0.726000
 49.318184
-0.714122
 49.334213
-0.702599
 49.350359
-0.691453
 49.366634
-0.680703
 49.383053
-0.670370
 49.399629
-0.660477
 49.416380
-0.651045
 49.433326
-0.642100
 49.450490
-0.633667
 49.467900
-0.625773
 49.485590
-0.618451
 49.503600
-0.611732
 49.521986
-0.605657
 49.540816
-0.600270
 49.560185
-0.595628
 49.580234
-0.591803
 49.601179
-0.588898
 49.623406
-0.587086
 49.647762
-0.586824
 49.677486
-0.588139
 49.701096
-0.590851
 49.725095
-0.594519
 49.746964
-0.599003
 49.767550
-0.604224
 49.787273
-0.610123
 49.806352
-0.616651
 49.824920
-0.623767
 49.843071
-0.631437
 49.860869
-0.639628
 49.878365
-0.648310
 49.895599
-0.657459
 49.912601
-0.667047
 49.929399
-0.677053
 49.946014
-0.687452
 49.962464
-0.698224
 49.978767
-0.709348
 49.994936
-0.720803
 50.010983
-0.732570
 50.026920
-0.744630
 50.042757
-0.756963
 50.058503
-0.769552
 50.074166
-0.782378
 50.089754
-0.795423
 50.105274
-0.808669
 50.120733
-0.822100
 50.136137
-0.835698
 50.151491
-0.849445
 50.166802
-0.863325
 50.182075
-0.877320
 50.197314
-0.891415
 50.212524
-0.905591
 50.227711
-0.919834
 50.242879
-0.934124
 50.258032
-0.948448
 50.273175
-0.962787
 50.288313
-0.977125
 50.303449
-0.991446
 50.318588
-1.005733
 50.333734
-1.019971
 50.348891
-1.034141
 50.364065
-1.048229
 50.379260
-1.062216
 50.394479
-1.076088
 50.409729
-1.089826
 50.425013
-1.103415
 50.440337
-1.116838
 50.455707
-1.130077
 50.471127
-1.143116
 50.486604
-1.155937
 50.502143
-1.168524
 50.517752
-1.180858
 50.533437
-1.192923
 50.549206
-1.204699
 50.565067
-1.216169
 50.581030
-1.227313
 50.597104
-1.238114
 50.613300
-1.248550
 50.629631
-1.258603
 50.646110
-1.268250
 50.662753
-1.277470
 50.679578
-1.286241
 50.696606
-1.294537
 50.713862
-1.302332
 50.731376
-1.309599
 50.749185
-1.316305
 50.767333
-1.322418
 50.785880
-1.327895
 50.804904
-1.332689
 50.824514
-1.336741
 50.844873
-1.339969
 50.866246
-1.342254
 50.889135
-1.343368
 50.914810
-1.342945
 50.940504
-1.341254
 50.963639
-1.338294
 50.986994
-1.334462
 51.008521
-1.329872
 51.028892
-1.324594
 51.048460
-1.318681
 51.067418
-1.312177
 51.085890
-1.305121
 51.103960
-1.297545
 51.121691
-1.289479
 51.139129
-1.280951
 51.156311
-1.271987
 51.173269
-1.262610
 51.190028
-1.252843
 51.206608
-1.242708
 51.223028
-1.232226
 51.239303
-1.221417
 51.255447
-1.210301
 51.271472
-1.198898
 51.287390
-1.187225
 51.303210
-1.175302
 51.318940
-1.163146
 51.334590
-1.150775
 51.350166
-1.138208
 51.365676
-1.125461
 51.381126
-1.112552
 51.396523
-1.099498
 51.411871
-1.086315
 51.427177
-1.073021
 51.442447
-1.059633
 51.457684
-1.046167
 51.472893
-1.032640
 51.488080
-1.019069
 51.503250
-1.005470
 51.518405
-0.991859
 51.533552
-0.978253
 51.548694
-0.964669
 51.563836
-0.951124
 51.578982
-0.937633
 51.594136
-0.924213
 51.609304
-0.910881
 51.624488
-0.897653
 51.639694
-0.884546
 51.654927
-0.871577
 51.670191
-0.858763
 51.685492
-0.846120
 51.700833
-0.833666
 51.716222
-0.821418
 51.731663
-0.809392
 51.747162
-0.797608
 51.762726
-0.786081
 51.778361
-0.774831
 51.794075
-0.763875
 51.809875
-0.753233
 51.825770
-0.742923
 51.841769
-0.732964
 51.857883
-0.723377
 51.874123
-0.714183
 51.890501
-0.705403
 51.907032
-0.697059
 51.923732
-0.689176
 51.940621
-0.681777
 51.957720
-0.674891
 51.975056
-0.668546
 51.992660
-0.662774
 52.010572
-0.657612
 52.028840
-0.653101
 52.047529
-0.649290
 52.066726
-0.646241
 52.086553
-0.644033
 52.107197
-0.642783
 52.128977
-0.642686
 52.152538
-0.644205
 52.179803
-0.647039
 52.204141
-0.650897
 52.226661
-0.655967
 52.249314
-0.661758
 52.270437
-0.668207
 52.290538
-0.675275
 52.309905
-0.682923
 52.328705
-0.691116
 52.347047
-0.699825
 52.365008
-0.709021
 52.382644
-0.718679
 52.400000
-0.728773
 52.417111
-0.739280
 52.434004
-0.750179
 52.450705
-0.761448
 52.467232
-0.773067
 52.483605
-0.785016
 52.499837
-0.797276
 52.515941
-0.809827
 52.531930
-0.822651
 52.547814
-0.835730
 52.563603
-0.849047
 52.579305
-0.862582
 52.594929
-0.876320
 52.610481
-0.890243
 52.625969
-0.904333
 52.641398
-0.918574
 52.656776
-0.932948
 52.672107
-0.947440
 52.687397
-0.962032
 52.702651
-0.976708
 52.717875
-0.991450
 52.733073
-1.006244
 52.748249
-1.021071
 52.763408
-1.035917
 52.778555
-1.050763
 52.793695
-1.065595
 52.808830
-1.080395
 52.823967
-1.095148
 52.839108
-1.109836
 52.854260
-1.124443
 52.869424
-1.138953
 52.884608
-1.153349
 52.899814
-1.167615
 52.915048
-1.181733
 52.930314
-1.195688
 52.945617
-1.209462
 52.960964
-1.223039
 52.976358
-1.236400
 52.991805
-1.249530
 53.007312
-1.262410
 53.022886
-1.275023
 53.038532
-1.287351
 53.054258
-1.299376
 53.070073
-1.311079
 53.085984
-1.322441
 53.102002
-1.333443
 53.118136
-1.344066
 53.134398
-1.354288
 53.150802
-1.364088
 53.167362
-1.373444
 53.184095
-1.382332
 53.201020
-1.390728
 53.218160
-1.398606
 53.235543
-1.405937
 53.253202
-1.412689
 53.271177
-1.418826
 53.289520
-1.424310
 53.308299
-1.429092
 53.327606
-1.433112
 53.347573
-1.436295
 53.368408
-1.438529
 53.390469
-1.439625
 53.414524
-1.439101
 53.443216
-1.437142
 53.467148
-1.433717
 53.491608
-1.429397
 53.513703
-1.424299
 53.534429
-1.418489
 53.554251
-1.412020
 53.573405
-1.404937
 53.592036
-1.397278
 53.610237
-1.389076
 53.628079
-1.380363
 53.645612
-1.371166
 53.662878
-1.361512
 53.679909
-1.351424
 53.696732
-1.340925
 53.713370
-1.330038
 53.729841
-1.318785
 53.746161
-1.307184
 53.762347
-1.295257
 53.778409
-1.283023
 53.794359
-1.270501
 53.810208
-1.257709
 53.825965
-1.244666
 53.841637
-1.231390
 53.857234
-1.217898
 53.872762
-1.204208
 53.888228
-1.190337
 53.903637
-1.176303
 53.918997
-1.162122
 53.934312
-1.147812
 53.949588
-1.133390
 53.964830
-1.118871
 53.980043
-1.104274
 53.995232
-1.089613
 54.010400
-1.074907
 54.025554
-1.060171
 54.040697
-1.045422
 54.055833
-1.030677
 54.070967
-1.015952
 54.086104
-1.001262
 54.101247
-0.986626
 54.116401
-0.972059
 54.131570
-0.957578
 54.146760
-0.943198
 54.161973
-0.928938
 54.177216
-0.914813
 54.192493
-0.900840
 54.207809
-0.887036
 54.223170
-0.873418
 54.238580
-0.860003
 54.254046
-0.846807
 54.269574
-0.833848
 54.285170
-0.821145
 54.300841
-0.808713
 54.316595
-0.796572
 54.332439
-0.784740
 54.348384
-0.773235
 54.364438
-0.762076
 54.380613
-0.751283
 54.396920
-0.740876
 54.413373
-0.730876
 54.429987
-0.721305
 54.446780
-0.712186
 54.463773
-0.703542
 54.480989
-0.695400
 54.498459
-0.687786
 54.516216
-0.680733
 54.534304
-0.674273
 54.552781
-0.668446
 54.571721
-0.663298
 54.591226
-0.658886
 54.611449
-0.655284
 54.632633
-0.652603
 54.655223
-0.651035
 54.680279
-0.651012
 54.707523
-0.652385
 54.730886
-0.655076
 54.754531
-0.658684
 54.776215
-0.663079
 54.796686
-0.668187
 54.816326
-0.673949
 54.835341
-0.680320
 54.853859
-0.687261
 54.871968
-0.694735
 54.889730
-0.702713
 54.907196
-0.711166
 54.924403
-0.720068
 54.941383
-0.729395
 54.958160
-0.739122
 54.974757
-0.749229
 54.991192
-0.759693
 55.007481
-0.770494
 55.023637
-0.781612
 55.039673
-0.793029
 55.055601
-0.804723
 55.071429
-0.816678
 55.087168
-0.828875
 55.102824
-0.841295
 55.118407
-0.853922
 55.133923
-0.866737
 55.149378
-0.879723
 55.164778
-0.892863
 55.180130
-0.906139
 55.195440
-0.919536
 55.210711
-0.933036
 55.225950
-0.946621
 55.241161
-0.960277
 55.256349
-0.973985
 55.271519
-0.987730
 55.286674
-1.001494
 55.301820
-1.015261
 55.316961
-1.029016
 55.332101
-1.042740
 55.347245
-1.056418
 55.362397
-1.070033
 55.377561
-1.083569
 55.392741
-1.097009
 55.407943
-1.110337
 55.423171
-1.123535
 55.438430
-1.136587
 55.453724
-1.149476
 55.469059
-1.162186
 55.484440
-1.174698
 55.499873
-1.186997
 55.515363
-1.199064
 55.530918
-1.210881
 55.546542
-1.222432
 55.562245
-1.233698
 55.578032
-1.244661
 55.593914
-1.255301
 55.609899
-1.265601
 55.625996
-1.275538
 55.642218
-1.285095
 55.658577
-1.294249
 55.675087
-1.302978
 55.691763
-1.311261
 55.708626
-1.319071
 55.725696
-1.326383
 55.742999
-1.333170
 55.760566
-1.339400
 55.778434
-1.345039
 55.796653
-1.350048
 55.815282
-1.354381
 55.834407
-1.357982
 55.854142
-1.360778
 55.874666
-1.362667
 55.896272
-1.363485
 55.919539
-1.362871
 55.946071
-1.360915
 55.969918
-1.357795
 55.992779
-1.353429
 56.015809
-1.348299
 56.037154
-1.342480
 56.057404
-1.336021
 56.076882
-1.328964
 56.095770
-1.321348
 56.114185
-1.313205
 56.132206
-1.304564
 56.149895
-1.295453
 56.167297
-1.285897
 56.184448
-1.275920
 56.201377
-1.265546
 56.218110
-1.254795
 56.234667
-1.243689
 56.251065
-1.232247
 56.267321
-1.220490
 56.283447
-1.208436
 56.299456
-1.196105
 56.315359
-1.183514
 56.331164
-1.170682
 56.346882
-1.157626
 56.362520
-1.144365
 56.378085
-1.130915
 56.393584
-1.117293
 56.409025
-1.103517
 56.424412
-1.089604
 56.439752
-1.075571
 56.455051
-1.061433
 56.470313
-1.047209
 56.485543
-1.032914
 56.500746
-1.018565
 56.515928
-1.004179
 56.531092
-0.989772
 56.546243
-0.975360
 56.561385
-0.960960
 56.576524
-0.946589
 56.591662
-0.932262
 56.606805
-0.917997
 56.621956
-0.903809
 56.637121
-0.889716
 56.652304
-0.875734
 56.667509
-0.861879
 56.682740
-0.848168
 56.698004
-0.834618
 56.713304
-0.821246
 56.728645
-0.808069
 56.744034
-0.795103
 56.759476
-0.782367
 56.774977
-0.769878
 56.790543
-0.757653
 56.806180
-0.745710
 56.821897
-0.734069
 56.837701
-0.722746
 56.853600
-0.711761
 56.869605
-0.701134
 56.885724
-0.690884
 56.901970
-0.681033
 56.918356
-0.671601
 56.934895
-0.662611
 56.951606
-0.654086
 56.968505
-0.646051
 56.985617
-0.638533
 57.002968
-0.631561
 57.020589
-0.625166
 57.038521
-0.619384
 57.056813
-0.614255
 57.075531
-0.609828
 57.094763
-0.606161
 57.114635
-0.603334
 57.135341
-0.601456
 57.157212
-0.600715
 57.180930
-0.601559
 57.208623
-0.603810
 57.232871
-0.607132
 57.255243
-0.611667
 57.277735
-0.616980
 57.298761
-0.622994
 57.318795
-0.629657
 57.338111
-0.636929
 57.356870
-0.644771
 57.375179
-0.653150
 57.393111
-0.662036
 57.410722
-0.671402
 57.428056
-0.681223
 57.445147
-0.691473
 57.462024
-0.702130
 57.478709
-0.713172
 57.495222
-0.724578
 57.511582
-0.736329
 57.527802
-0.748403
 57.543896
-0.760782
 57.559875
-0.773447
 57.575750
-0.786379
 57.591531
-0.799561
 57.607226
-0.812974
 57.622842
-0.826600
 57.638388
-0.840423
 57.653869
-0.854424
 57.669294
-0.868588
 57.684666
-0.882896
 57.699993
-0.897331
 57.715279
-0.911878
 57.730529
-0.926520
 57.745749
-0.941238
 57.760944
-0.956019
 57.776118
-0.970843
 57.791275
-0.985696
 57.806420
-1.000560
 57.821557
-1.015420
 57.836692
-1.030258
 57.851827
-1.045059
 57.866968
-1.059805
 57.882119
-1.074481
 57.897284
-1.089070
 57.912467
-1.103555
 57.927674
-1.117921
 57.942908
-1.132149
 57.958176
-1.146225
 57.973481
-1.160130
 57.988829
-1.173848
 58.004225
-1.187362
 58.019675
-1.200654
 58.035186
-1.213708
 58.050763
-1.226507
 58.066413
-1.239031
 58.082144
-1.251264
 58.097963
-1.263186
 58.113880
-1.274780
 58.129904
-1.286027
 58.146045
-1.296906
 58.162315
-1.307397
 58.178727
-1.317480
 58.195296
-1.327133
 58.212039
-1.336333
 58.228976
-1.345057
 58.246130
-1.353277
 58.263528
-1.360968
 58.281204
-1.368099
 58.299199
-1.374635
 58.317565
-1.380539
 58.336372
-1.385766
 58.355713
-1.390261
 58.375725
-1.393952
 58.396620
-1.396737
 58.418770
-1.398448
 58.442984
-1.398651
 58.472202
-1.397318
 58.495967
-1.394585
 58.520180
-1.390912
 58.542155
-1.386440
 58.562808
-1.381243
 58.582579
-1.375382
 58.601695
-1.368902
 58.620295
-1.361844
 58.638471
-1.354244
 58.656291
-1.346132
 58.673807
-1.337537
 58.691057
-1.328486
 58.708075
-1.319003
 58.724886
-1.309112
 58.741513
-1.298835
 58.757975
-1.288194
 58.774288
-1.277209
 58.790466
-1.265901
 58.806522
-1.254288
 58.822467
-1.242390
 58.838312
-1.230226
 58.854065
-1.217814
 58.869734
-1.205171
 58.885329
-1.192317
 58.900855
-1.179268
 58.916319
-1.166042
 58.931727
-1.152655
 58.947087
-1.139126
 58.962402
-1.125471
 58.977678
-1.111707
 58.992921
-1.097851
 59.008135
-1.083920
 59.023325
-1.069929
 59.038496
-1.055897
 59.053652
-1.041838
 59.068798
-1.027771
 59.083938
-1.013710
 59.099076
-0.999674
 59.114217
-0.985678
 59.129365
-0.971738
 59.144524
-0.957872
 59.159699
-0.944096
 59.174895
-0.930426
 59.190115
-0.916879
 59.205366
-0.903472
 59.220650
-0.890222
 59.235975
-0.877145
 59.251345
-0.864258
 59.266765
-0.851579
 59.282241
-0.839125
 59.297780
-0.826913
 59.313388
-0.814960
 59.329072
-0.803286
 59.344840
-0.791908
 59.360700
-0.780844
 59.376661
-0.770114
 59.392733
-0.759737
 59.408926
-0.749733
 59.425254
-0.740122
 59.441730
-0.730927
 59.458369
-0.722169
 59.475189
-0.713872
 59.492212
-0.706062
 59.509463
-0.698765
 59.526970
-0.692010
 59.544770
-0.685831
 59.562909
-0.680263
 59.581445
-0.675350
 59.600456
-0.671143
 59.620049
-0.667707
 59.640385
-0.665129
 59.661727
-0.663547
 59.684565
-0.663223
 59.710131
-0.664460
 59.736086
-0.666894
 59.759258
-0.670617
 59.782659
-0.675158
 59.804213
-0.680423
 59.824600
-0.686355
 59.844179
-0.692905
 59.863147
-0.700033
 59.881626
-0.707704
 59.899702
-0.715886
 59.917437
-0.724550
 59.934879
-0.733670
 59.952065
-0.743220
 59.969026
-0.753179
 59.985787
-0.763523
 60.002369
-0.774231
 60.018790
-0.785282
 60.035066
-0.796657
 60.051212
-0.808335
 60.067238
-0.820299
 60.083156
-0.832529
 60.098976
-0.845007
 60.114706
-0.857716
 60.130356
-0.870637
 60.145932
-0.883753
 60.161441
-0.897046
 60.176891
-0.910500
 60.192286
-0.924097
 60.207634
-0.937821
 60.222939
-0.951654
 60.238207
-0.965580
 60.253442
-0.979583
 60.268650
-0.993645
 60.283836
-1.007750
 60.299003
-1.021882
 60.314156
-1.036024
 60.329301
-1.050159
 60.344440
-1.064272
 60.359580
-1.078345
 60.374723
-1.092362
 60.389874
-1.106308
 60.405038
-1.120164
 60.420219
-1.133915
 60.435421
-1.147544
 60.450650
-1.161034
 60.465910
-1.174369
 60.481206
-1.187532
 60.496543
-1.200505
 60.511926
-1.213271
 60.527362
-1.225814
 60.542855
-1.238116
 60.558413
-1.250159
 60.574042
-1.261925
 60.589749
-1.273396
 60.605542
-1.284554
 60.621429
-1.295380
 60.637420
-1.305853
 60.653525
-1.315956
 60.669755
-1.325666
 60.686122
-1.334962
 60.702642
-1.343823
 60.719329
-1.352226
 60.736204
-1.360144
 60.753288
-1.367553
 60.770606
-1.374423
 60.788191
-1.380724
 60.806081
-1.386419
 60.824324
-1.391470
 60.842983
-1.395829
 60.862143
-1.399438
 60.881924
-1.402222
 60.902509
-1.404074
 60.924202
-1.404819
 60.947617
-1.404064
 60.974511
-1.401901
 60.998818
-1.398623
 61.021483
-1.394102
 61.044296
-1.388811
 61.065514
-1.382823
 61.085679
-1.376188
 61.105094
-1.368949
 61.123931
-1.361143
 61.142304
-1.352803
 61.160291
-1.343958
 61.177949
-1.334636
 61.195324
-1.324863
 61.212451
-1.314663
 61.229360
-1.304058
 61.246074
-1.293070
 61.262613
-1.281721
 61.278996
-1.270030
 61.295237
-1.258017
 61.311350
-1.245702
 61.327347
-1.233104
 61.343239
-1.220240
 61.359034
-1.207128
 61.374742
-1.193788
 61.390370
-1.180236
 61.405927
-1.166490
 61.421419
-1.152566
 61.436852
-1.138483
 61.452233
-1.124257
 61.467567
-1.109905
 61.482860
-1.095444
 61.498117
-1.080891
 61.513342
-1.066261
 61.528541
-1.051572
 61.543718
-1.036841
 61.558879
-1.022083
 61.574026
-1.007315
 61.589166
-0.992554
 61.604301
-0.977815
 61.619437
-0.963117
 61.634578
-0.948474
 61.649728
-0.933903
 61.664891
-0.919421
 61.680072
-0.905044
 61.695276
-0.890790
 61.710508
-0.876674
 61.725771
-0.862713
 61.741071
-0.848924
 61.756413
-0.835324
 61.771803
-0.821930
 61.787246
-0.808759
 61.802748
-0.795829
 61.818316
-0.783157
 61.833956
-0.770761
 61.849676
-0.758658
 61.865483
-0.746868
 61.881387
-0.735409
 61.897395
-0.724300
 61.913520
-0.713561
 61.929772
-0.703212
 61.946164
-0.693274
 61.962710
-0.683769
 61.979429
-0.674719
 61.996338
-0.666150
 62.013460
-0.658087
 62.030823
-0.650557
 62.048458
-0.643591
 62.066407
-0.637224
 62.084718
-0.631493
 62.103459
-0.626444
 62.122720
-0.622133
 62.142629
-0.618632
 62.163385
-0.616041
 62.185328
-0.614530
 62.209173
-0.614493
 62.237229
-0.615969
 62.261369
-0.618559
 62.283633
-0.622342
 62.306008
-0.626946
 62.326962
-0.632280
 62.346946
-0.638286
 62.366225
-0.644915
 62.384955
-0.652128
 62.403239
-0.659889
 62.421150
-0.668166
 62.438745
-0.676931
 62.456064
-0.686157
 62.473142
-0.695819
 62.490007
-0.705894
 62.506682
-0.716360
 62.523186
-0.727194
 62.539538
-0.738377
 62.555751
-0.749887
 62.571838
-0.761706
 62.587812
-0.773815
 62.603683
-0.786194
 62.619459
-0.798826
 62.635150
-0.811692
 62.650763
-0.824774
 62.666306
-0.838056
 62.681786
-0.851519
 62.697208
-0.865146
 62.712579
-0.878920
 62.727905
-0.892824
 62.743190
-0.906842
 62.758441
-0.920956
 62.773661
-0.935150
 62.788856
-0.949407
 62.804031
-0.963711
 62.819189
-0.978045
 62.834336
-0.992392
 62.849475
-1.006737
 62.864612
-1.021061
 62.879750
-1.035351
 62.894894
-1.049587
 62.910048
-1.063755
 62.925217
-1.077838
 62.940405
-1.091818
 62.955616
-1.105680
 62.970856
-1.119407
 62.986129
-1.132982
 63.001440
-1.146389
 63.016794
-1.159609
 63.032198
-1.172627
 63.047655
-1.185426
 63.063174
-1.197986
 63.078760
-1.210293
 63.094419
-1.222326
 63.110161
-1.234069
 63.125991
-1.245503
 63.141920
-1.256609
 63.157957
-1.267368
 63.174112
-1.277761
 63.190397
-1.287766
 63.206827
-1.297363
 63.223414
-1.306531
 63.240178
-1.315245
 63.257137
-1.323481
 63.274316
-1.331214
 63.291742
-1.338415
 63.309450
-1.345053
 63.327482
-1.351093
 63.345891
-1.356496
 63.364749
-1.361214
 63.384154
-1.365188
 63.404246
-1.368343
 63.425250
-1.370565
 63.447563
-1.371658
 63.472080
-1.371053
 63.502409
-1.369104
 63.525853
-1.365815
 63.549637
-1.361661
 63.571395
-1.356752
 63.591914
-1.351153
 63.611588
-1.344918
 63.630630
-1.338089
 63.649169
-1.330703
 63.667295
-1.322794
 63.685073
-1.314392
 63.702552
-1.305522
 63.719771
-1.296212
 63.736761
-1.286486
 63.753547
-1.276365
 63.770152
-1.265871
 63.786594
-1.255026
 63.802889
-1.243850
 63.819051
-1.232362
 63.835092
-1.220582
 63.851024
-1.208529
 63.866857
-1.196220
 63.882599
-1.183675
 63.898259
-1.170910
 63.913844
-1.157943
 63.929363
-1.144793
 63.944820
-1.131476
 63.960222
-1.118009
 63.975576
-1.104409
 63.990886
-1.090694
 64.006159
-1.076879
 64.021398
-1.062982
 64.036610
-1.049020
 64.051798
-1.035008
 64.066967
-1.020964
 64.082122
-1.006904
 64.097268
-0.992845
 64.112408
-0.978802
 64.127547
-0.964793
 64.142689
-0.950833
 64.157839
-0.936940
 64.173001
-0.923130
 64.188180
-0.909420
 64.203379
-0.895825
 64.218604
-0.882363
 64.233860
-0.869051
 64.249151
-0.855905
 64.264482
-0.842943
 64.279859
-0.830181
 64.295287
-0.817636
 64.310773
-0.805327
 64.326322
-0.793270
 64.341940
-0.781484
 64.357637
-0.769986
 64.373418
-0.758795
 64.389292
-0.747929
 64.405268
-0.737409
 64.421357
-0.727253
 64.437570
-0.717482
 64.453918
-0.708118
 64.470417
-0.699181
 64.487081
-0.690695
 64.503929
-0.682684
 64.520984
-0.675175
 64.538269
-0.668195
 64.555817
-0.661774
 64.573663
-0.655948
 64.591856
-0.650754
 64.610455
-0.646238
 64.629542
-0.642455
 64.649231
-0.639478
 64.669694
-0.637404
 64.691213
-0.636392
 64.714339
-0.636773
 64.740539
-0.638559
 64.764641
-0.641538
 64.787636
-0.645796
 64.810819
-0.650839
 64.832251
-0.656588
 64.852558
-0.662991
 64.872078
-0.670003
 64.890999
-0.677586
 64.909440
-0.685708
 64.927484
-0.694336
 64.945191
-0.703444
 64.962609
-0.713005
 64.979774
-0.722995
 64.996716
-0.733391
 65.013460
-0.744171
 65.030026
-0.755315
 65.046434
-0.766801
 65.062697
-0.778610
 65.078830
-0.790722
 65.094846
-0.803119
 65.110754
-0.815783
 65.126564
-0.828694
 65.142286
-0.841835
 65.157928
-0.855189
 65.173496
-0.868738
 65.188999
-0.882465
 65.204442
-0.896352
 65.219831
-0.910383
 65.235173
-0.924540
 65.250473
-0.938807
 65.265736
-0.953168
 65.280967
-0.967605
 65.296171
-0.982102
 65.311352
-0.996642
 65.326516
-1.011210
 65.341666
-1.025788
 65.356808
-1.040360
 65.371945
-1.054909
 65.387082
-1.069420
 65.402223
-1.083876
 65.417372
-1.098260
 65.432534
-1.112555
 65.447714
-1.126746
 65.462916
-1.140816
 65.478144
-1.154747
 65.493403
-1.168524
 65.508699
-1.182130
 65.524036
-1.195546
 65.539420
-1.208758
 65.554856
-1.221746
 65.570350
-1.234495
 65.585909
-1.246986
 65.601540
-1.259201
 65.617249
-1.271122
 65.633044
-1.282732
 65.648934
-1.294011
 65.664928
-1.304940
 65.681037
-1.315499
 65.697271
-1.325669
 65.713643
-1.335427
 65.730169
-1.344753
 65.746863
-1.353622
 65.763745
-1.362011
 65.780837
-1.369894
 65.798165
-1.377244
 65.815761
-1.384028
 65.833663
-1.390214
 65.851922
-1.395763
 65.870599
-1.400628
 65.889782
-1.404755
 65.909592
-1.408072
 65.930215
-1.410478
 65.951965
-1.411810
 65.975476
-1.411704
 66.002616
-1.410110
 66.026959
-1.407373
 66.049523
-1.403404
 66.072224
-1.398621
 66.093376
-1.393112
 66.113496
-1.386935
 66.132878
-1.380136
 66.151689
-1.372756
 66.170040
-1.364828
 66.188008
-1.356384
 66.205651
-1.347454
 66.223012
-1.338063
 66.240127
-1.328235
 66.257025
-1.317996
 66.273729
-1.307365
 66.290260
-1.296366
 66.306636
-1.285019
 66.322870
-1.273344
 66.338977
-1.261359
 66.354968
-1.249085
 66.370855
-1.236540
 66.386645
-1.223742
 66.402349
-1.210710
 66.417975
-1.197461
 66.433528
-1.184012
 66.449017
-1.170381
 66.464448
-1.156585
 66.479827
-1.142642
 66.495159
-1.128568
 66.510450
-1.114380
 66.525705
-1.100095
 66.540930
-1.085730
 66.556128
-1.071301
 66.571305
-1.056824
 66.586465
-1.042317
 66.601613
-1.027795
 66.616753
-1.013276
 66.631889
-0.998775
 66.647026
-0.984310
 66.662168
-0.969896
 66.677319
-0.955550
 66.692484
-0.941289
 66.707668
-0.927129
 66.722874
-0.913086
 66.738108
-0.899178
 66.753374
-0.885421
 66.768677
-0.871831
 66.784023
-0.858426
 66.799417
-0.845223
 66.814864
-0.832239
 66.830371
-0.819491
 66.845944
-0.806997
 66.861590
-0.794775
 66.877316
-0.782842
 66.893129
-0.771217
 66.909040
-0.759918
 66.925056
-0.748965
 66.941190
-0.738377
 66.957451
-0.728175
 66.973853
-0.718379
 66.990411
-0.709012
 67.007142
-0.700095
 67.024065
-0.691654
 67.041203
-0.683714
 67.058583
-0.676303
 67.076238
-0.669451
 67.094209
-0.663191
 67.112547
-0.657564
 67.131320
-0.652615
 67.150619
-0.648398
 67.170577
-0.644987
 67.191398
-0.642485
 67.213438
-0.641065
 67.237453
-0.641152
 67.266020
-0.642715
 67.289996
-0.645714
 67.314525
-0.649623
 67.336655
-0.654313
 67.357401
-0.659713
 67.377239
-0.665768
 67.396406
-0.672431
 67.415046
-0.679664
 67.433256
-0.687432
 67.451106
-0.695705
 67.468647
-0.704454
 67.485919
-0.713654
 67.502956
-0.723280
 67.519785
-0.733309
 67.536428
-0.743719
 67.552904
-0.754488
 67.569229
-0.765596
 67.585419
-0.777024
 67.601485
-0.788751
 67.617440
-0.800760
 67.633293
-0.813030
 67.649054
-0.825545
 67.664731
-0.838286
 67.680332
-0.851235
 67.695863
-0.864376
 67.711333
-0.877689
 67.726747
-0.891159
 67.742110
-0.904769
 67.757429
-0.918501
 67.772709
-0.932338
 67.787955
-0.946264
 67.803171
-0.960263
 67.818364
-0.974317
 67.833536
-0.988410
 67.848694
-1.002525
 67.863840
-1.016646
 67.878981
-1.030757
 67.894119
-1.044840
 67.909259
-1.058881
 67.924407
-1.072861
 67.939565
-1.086764
 67.954739
-1.100575
 67.969933
-1.114276
 67.985151
-1.127851
 68.000399
-1.141282
 68.015681
-1.154554
 68.031002
-1.167649
 68.046367
-1.180551
 68.061783
-1.193241
 68.077254
-1.205704
 68.092788
-1.217921
 68.108390
-1.229874
 68.124067
-1.241546
 68.139828
-1.252919
 68.155679
-1.263973
 68.171632
-1.274690
 68.187693
-1.285051
 68.203876
-1.295034
 68.220192
-1.304620
 68.236655
-1.313787
 68.253279
-1.322512
 68.270083
-1.330772
 68.287089
-1.338541
 68.304318
-1.345792
 68.321803
-1.352495
 68.339577
-1.358619
 68.357685
-1.364125
 68.376184
-1.368972
 68.395151
-1.373106
 68.414689
-1.376464
 68.434955
-1.378957
 68.456197
-1.380450
 68.478879
-1.380685
 68.504118
-1.379293
 68.530873
-1.376710
 68.554166
-1.372808
 68.577720
-1.368092
 68.599355
-1.362653
 68.619795
-1.356548
 68.639413
-1.349822
 68.658410
-1.342516
 68.676913
-1.334665
 68.695009
-1.326301
 68.712761
-1.317452
 68.730218
-1.308144
 68.747416
-1.298403
 68.764388
-1.288251
 68.781159
-1.277711
 68.797750
-1.266804
 68.814179
-1.255551
 68.830462
-1.243972
 68.846613
-1.232086
 68.862645
-1.219912
 68.878568
-1.207469
 68.894392
-1.194775
 68.910127
-1.181848
 68.925780
-1.168706
 68.941359
-1.155366
 68.956871
-1.141846
 68.972322
-1.128162
 68.987720
-1.114333
 69.003069
-1.100374
 69.018375
-1.086303
 69.033643
-1.072136
 69.048879
-1.057890
 69.064087
-1.043581
 69.079272
-1.029227
 69.094439
-1.014843
 69.109592
-1.000446
 69.124735
-0.986053
 69.139874
-0.971680
 69.155011
-0.957344
 69.170152
-0.943060
 69.185301
-0.928846
 69.200463
-0.914717
 69.215641
-0.900691
 69.230840
-0.886784
 69.246066
-0.873013
 69.261322
-0.859394
 69.276613
-0.845945
 69.291945
-0.832681
 69.307324
-0.819621
 69.322754
-0.806782
 69.338241
-0.794180
 69.353793
-0.781833
 69.369414
-0.769760
 69.385114
-0.757978
 69.400898
-0.746506
 69.416777
-0.735362
 69.432758
-0.724566
 69.448852
-0.714137
 69.465071
-0.704096
 69.481426
-0.694464
 69.497931
-0.685262
 69.514604
-0.676514
 69.531462
-0.668243
 69.548527
-0.660476
 69.565825
-0.653240
 69.583386
-0.646567
 69.601249
-0.640489
 69.619460
-0.635045
 69.638082
-0.630281
 69.657196
-0.626251
 69.676920
-0.623027
 69.697429
-0.620706
 69.719015
-0.619444
 69.742250
-0.619575
 69.768707
-0.621092
 69.792217
-0.623835
 69.815137
-0.627853
 69.838233
-0.632684
 69.859614
-0.638239
 69.879888
-0.644461
 69.899384
-0.651306
 69.918286
-0.658732
 69.936711
-0.666705
 69.954741
-0.675194
 69.972437
-0.684170
 69.989845
-0.693607
 70.007001
-0.703479
 70.023935
-0.713764
 70.040671
-0.724440
 70.057232
-0.735485
 70.073633
-0.746878
 70.089891
-0.758600
 70.106019
-0.770630
 70.122030
-0.782951
 70.137934
-0.795543
 70.153741
-0.808387
 70.169459
-0.821467
 70.185098
-0.834764
 70.200663
-0.848261
 70.216163
-0.861940
 70.231604
-0.875785
 70.246991
-0.889777
 70.262331
-0.903901
 70.277629
-0.918139
 70.292890
-0.932474
 70.308120
-0.946891
 70.323322
-0.961371
 70.338503
-0.975900
 70.353665
-0.990460
 70.368815
-1.005034
 70.383956
-1.019607
 70.399092
-1.034161
 70.414228
-1.048681
 70.429369
-1.063150
 70.444518
-1.077552
 70.459681
-1.091869
 70.474861
-1.106086
 70.490063
-1.120185
 70.505291
-1.134151
 70.520551
-1.147967
 70.535848
-1.161615
 70.551186
-1.175079
 70.566571
-1.188342
 70.582008
-1.201387
 70.597504
-1.214196
 70.613065
-1.226751
 70.628697
-1.239036
 70.644408
-1.251032
 70.660206
-1.262721
 70.676099
-1.274084
 70.692096
-1.285102
 70.708208
-1.295756
 70.724445
-1.306025
 70.740822
-1.315888
 70.757351
-1.325324
 70.774051
-1.334310
 70.790938
-1.342821
 70.808036
-1.350834
 70.825372
-1.358319
 70.842976
-1.365246
 70.860888
-1.371583
 70.879157
-1.377292
 70.897848
-1.382326
 70.917046
-1.386634
 70.936877
-1.390143
 70.957526
-1.392759
 70.979315
-1.394322
 71.002892
-1.394481
 71.030202
-1.393130
 71.054533
-1.390635
 71.077035
-1.386926
 71.099667
-1.382393
 71.120779
-1.377129
 71.140872
-1.371194
 71.160233
-1.364635
 71.179028
-1.357495
 71.197366
-1.349807
 71.215323
-1.341604
 71.232956
-1.332914
 71.250310
-1.323765
 71.267418
-1.314180
 71.284310
-1.304185
 71.301009
-1.293800
 71.317535
-1.283048
 71.333906
-1.271948
 71.350137
-1.260522
 71.366241
-1.248789
 71.382230
-1.236767
 71.398114
-1.224476
 71.413902
-1.211934
 71.429604
-1.199159
 71.445228
-1.186169
 71.460780
-1.172980
 71.476268
-1.159612
 71.491699
-1.146080
 71.507077
-1.132402
 71.522409
-1.118595
 71.537700
-1.104676
 71.552955
-1.090662
 71.568180
-1.076569
 71.583379
-1.062414
 71.598557
-1.048213
 71.613718
-1.033983
 71.628867
-1.019741
 71.644008
-1.005503
 71.659145
-0.991286
 71.674284
-0.977105
 71.689428
-0.962978
 71.704581
-0.948921
 71.719749
-0.934950
 71.734935
-0.921082
 71.750144
-0.907334
 71.765381
-0.893722
 71.780650
-0.880263
 71.795957
-0.866974
 71.811307
-0.853872
 71.826705
-0.840974
 71.842157
-0.828297
 71.857669
-0.815859
 71.873247
-0.803676
 71.888898
-0.791768
 71.904630
-0.780152
 71.920450
-0.768846
 71.936368
-0.757869
 71.952392
-0.747241
 71.968533
-0.736982
 71.984803
-0.727111
 72.001215
-0.717651
 72.017784
-0.708622
 72.034526
-0.700048
 72.051462
-0.691955
 72.068615
-0.684367
 72.086011
-0.677314
 72.103684
-0.670827
 72.121676
-0.664940
 72.140039
-0.659694
 72.158841
-0.655136
 72.178176
-0.651325
 72.198180
-0.648338
 72.219062
-0.646287
 72.241194
-0.645365
 72.265374
-0.646085
 72.294472
-0.648158
 72.318276
-0.651638
 72.342545
-0.655975
 72.364549
-0.661062
 72.385219
-0.666837
 72.405003
-0.673248
 72.424129
-0.680254
 72.442736
-0.687816
 72.460919
-0.695903
 72.478745
-0.704485
 72.496265
-0.713534
 72.513520
-0.723025
 72.530542
-0.732934
 72.547357
-0.743239
 72.563987
-0.753918
 72.580451
-0.764950
 72.596767
-0.776315
 72.612947
-0.787993
 72.629005
-0.799964
 72.644953
-0.812211
 72.660799
-0.824715
 72.676553
-0.837457
 72.692224
-0.850420
 72.707820
-0.863587
 72.723347
-0.876939
 72.738812
-0.890460
 72.754221
-0.904132
 72.769581
-0.917939
 72.784897
-0.931863
 72.800174
-0.945888
 72.815417
-0.959998
 72.830631
-0.974175
 72.845822
-0.988403
 72.860993
-1.002665
 72.876149
-1.016945
 72.891294
-1.031227
 72.906434
-1.045493
 72.921572
-1.059729
 72.936712
-1.073916
 72.951859
-1.088039
 72.967018
-1.102080
 72.982193
-1.116025
 72.997387
-1.129855
 73.012607
-1.143555
 73.027856
-1.157107
 73.043140
-1.170495
 73.058463
-1.183702
 73.073831
-1.196711
 73.089250
-1.209504
 73.104724
-1.222064
 73.120261
-1.234375
 73.135867
-1.246417
 73.151549
-1.258174
 73.167315
-1.269626
 73.183172
-1.280755
 73.199130
-1.291542
 73.215199
-1.301968
 73.231389
-1.312011
 73.247713
-1.321652
 73.264185
-1.330869
 73.280820
-1.339639
 73.297635
-1.347937
 73.314653
-1.355739
 73.331897
-1.363018
 73.349398
-1.369742
 73.367191
-1.375880
 73.385321
-1.381394
 73.403846
-1.386239
 73.422844
-1.390365
 73.442422
-1.393703
 73.462739
-1.396164
 73.484053
-1.397606
 73.506848
-1.397758
 73.532324
-1.396309
 73.558490
-1.393666
 73.581693
-1.389710
 73.605134
-1.384936
 73.626707
-1.379437
 73.647107
-1.373267
 73.666696
-1.366474
 73.685670
-1.359098
 73.704154
-1.351174
 73.722235
-1.342734
 73.739973
-1.333805
 73.757418
-1.324416
 73.774606
-1.314589
 73.791569
-1.304350
 73.808331
-1.293719
 73.824914
-1.282719
 73.841336
-1.271371
 73.857613
-1.259693
 73.873759
-1.247706
 73.889785
-1.235429
 73.905703
-1.222880
 73.921523
-1.210077
 73.937253
-1.197039
 73.952902
-1.183784
 73.968477
-1.170328
 73.983986
-1.156689
 73.999435
-1.142885
 74.014829
-1.128933
 74.030175
-1.114849
 74.045479
-1.100650
 74.060745
-1.086353
 74.075979
-1.071975
 74.091185
-1.057532
 74.106369
-1.043041
 74.121534
-1.028518
 74.136685
-1.013981
 74.151827
-0.999444
 74.166964
-0.984925
 74.182101
-0.970441
 74.197241
-0.956007
 74.212390
-0.941640
 74.227550
-0.927356
 74.242728
-0.913173
 74.257927
-0.899107
 74.273152
-0.885174
 74.288408
-0.871390
 74.303700
-0.857774
 74.319033
-0.844342
 74.334411
-0.831110
 74.349842
-0.818096
 74.365330
-0.805317
 74.380882
-0.792791
 74.396505
-0.780536
 74.412206
-0.768569
 74.427992
-0.756909
 74.443872
-0.745574
 74.459856
-0.734584
 74.475952
-0.723959
 74.492173
-0.713717
 74.508531
-0.703881
 74.525040
-0.694471
 74.541716
-0.685511
 74.558579
-0.677025
 74.575649
-0.669037
 74.592952
-0.661577
 74.610519
-0.654672
 74.628389
-0.648358
 74.646609
-0.642672
 74.665241
-0.637657
 74.684369
-0.633367
 74.704108
-0.629872
 74.724638
-0.627264
 74.746254
-0.625695
 74.769540
-0.625482
 74.796117
-0.626732
 74.820094
-0.629190
 74.842921
-0.632906
 74.865913
-0.637454
 74.887235
-0.642738
 74.907470
-0.648699
 74.926937
-0.655288
 74.945816
-0.662463
 74.964222
-0.670189
 74.982237
-0.678434
 74.999920
-0.687169
 75.017316
-0.696367
 75.034463
-0.706003
 75.051388
-0.716054
 75.068117
-0.726496
 75.084670
-0.737310
 75.101065
-0.748473
 75.117318
-0.759966
 75.133441
-0.771769
 75.149448
-0.783862
 75.165348
-0.796229
 75.181151
-0.808849
 75.196867
-0.821705
 75.212502
-0.834778
 75.228065
-0.848053
 75.243563
-0.861510
 75.259002
-0.875133
 75.274388
-0.888905
 75.289727
-0.902809
 75.305024
-0.916827
 75.320284
-0.930944
 75.335513
-0.945142
 75.350715
-0.959404
 75.365896
-0.973715
 75.381059
-0.988058
 75.396209
-1.002415
 75.411350
-1.016772
 75.426487
-1.031110
 75.441625
-1.045414
 75.456767
-1.059668
 75.471918
-1.073854
 75.487082
-1.087956
 75.502264
-1.101959
 75.517468
-1.115844
 75.532700
-1.129596
 75.547963
-1.143198
 75.563262
-1.156632
 75.578604
-1.169883
 75.593993
-1.182933
 75.609434
-1.195764
 75.624935
-1.208360
 75.640500
-1.220703
 75.656138
-1.232775
 75.671855
-1.244558
 75.687659
-1.256034
 75.703558
-1.267184
 75.719563
-1.277989
 75.735682
-1.288429
 75.751929
-1.298484
 75.768315
-1.308133
 75.784855
-1.317354
 75.801566
-1.326125
 75.818466
-1.334420
 75.835579
-1.342215
 75.852930
-1.349482
 75.870553
-1.356189
 75.888485
-1.362303
 75.906779
-1.367785
 75.925499
-1.372590
 75.944733
-1.376662
 75.964607
-1.379928
 75.985317
-1.382287
 76.007192
-1.383570
 76.030916
-1.383384
 76.058626
-1.381732
 76.082871
-1.378983
 76.105240
-1.375041
 76.127728
-1.370299
 76.148752
-1.364844
 76.168785
-1.358732
 76.188101
-1.352007
 76.206860
-1.344710
 76.225169
-1.336875
 76.243101
-1.328533
 76.260714
-1.319713
 76.278049
-1.310439
 76.295141
-1.300737
 76.312018
-1.290630
 76.328704
-1.280140
 76.345220
-1.269288
 76.361580
-1.258095
 76.377802
-1.246581
 76.393898
-1.234765
 76.409879
-1.222665
 76.425756
-1.210302
 76.441538
-1.197692
 76.457235
-1.184853
 76.472853
-1.171805
 76.488401
-1.158563
 76.503885
-1.145145
 76.519311
-1.131569
 76.534686
-1.117852
 76.550015
-1.104010
 76.565304
-1.090060
 76.580557
-1.076019
 76.595780
-1.061904
 76.610978
-1.047731
 76.626154
-1.033517
 76.641315
-1.019278
 76.656463
-1.005031
 76.671604
-0.990792
 76.686742
-0.976578
 76.701881
-0.962406
 76.717026
-0.948291
 76.732181
-0.934250
 76.747350
-0.920300
 76.762538
-0.906457
 76.777749
-0.892739
 76.792988
-0.879161
 76.808261
-0.865740
 76.823571
-0.852493
 76.838924
-0.839438
 76.854326
-0.826591
 76.869783
-0.813970
 76.885299
-0.801592
 76.900883
-0.789474
 76.916540
-0.777636
 76.932279
-0.766094
 76.948106
-0.754867
 76.964031
-0.743975
 76.980064
-0.733436
 76.996215
-0.723272
 77.012495
-0.713501
 77.028919
-0.704146
 77.045500
-0.695228
 77.062257
-0.686773
 77.079209
-0.678803
 77.096379
-0.671346
 77.113795
-0.664431
 77.131491
-0.658089
 77.149509
-0.652357
 77.167903
-0.647275
 77.186742
-0.642893
 77.206123
-0.639272
 77.226185
-0.636492
 77.247147
-0.634673
 77.269398
-0.634024
 77.293798
-0.635152
 77.323675
-0.637532
 77.347243
-0.641288
 77.371188
-0.645878
 77.393030
-0.651206
 77.413600
-0.657212
 77.433312
-0.663848
 77.452382
-0.671073
 77.470944
-0.678852
 77.489089
-0.687151
 77.506883
-0.695942
 77.524376
-0.705198
 77.541607
-0.714894
 77.558607
-0.725006
 77.575402
-0.735512
 77.592015
-0.746390
 77.608464
-0.757620
 77.624766
-0.769181
 77.640933
-0.781054
 77.656980
-0.793220
 77.672916
-0.805659
 77.688752
-0.818355
 77.704498
-0.831288
 77.720160
-0.844441
 77.735748
-0.857796
 77.751268
-0.871336
 77.766727
-0.885044
 77.782131
-0.898902
 77.797486
-0.912894
 77.812797
-0.927003
 77.828069
-0.941212
 77.843309
-0.955504
 77.858520
-0.969863
 77.873707
-0.984272
 77.888876
-0.998714
 77.904030
-1.013174
 77.919173
-1.027635
 77.934311
-1.042080
 77.949448
-1.056492
 77.964588
-1.070856
 77.979735
-1.085155
 77.994894
-1.099372
 78.010069
-1.113491
 78.025265
-1.127496
 78.040486
-1.141369
 78.055737
-1.155094
 78.071023
-1.168654
 78.086348
-1.182032
 78.101720
-1.195211
 78.117142
-1.208175
 78.132620
-1.220905
 78.148162
-1.233385
 78.163773
-1.245596
 78.179461
-1.257521
 78.195232
-1.269141
 78.211097
-1.280438
 78.227063
-1.291392
 78.243140
-1.301984
 78.259340
-1.312194
 78.275675
-1.322001
 78.292158
-1.331383
 78.308806
-1.340319
 78.325636
-1.348783
 78.342670
-1.356751
 78.359933
-1.364195
 78.377455
-1.371086
 78.395272
-1.377391
 78.413431
-1.383071
 78.431990
-1.388085
 78.451029
-1.392380
 78.470659
-1.395888
 78.491043
-1.398520
 78.512452
-1.400136
 78.535398
-1.400456
 78.561199
-1.399224
 78.586578
-1.396776
 78.609667
-1.393031
 78.632968
-1.388452
 78.654465
-1.383134
 78.674815
-1.377139
 78.694367
-1.370514
 78.713312
-1.363302
 78.731774
-1.355537
 78.749834
-1.347251
 78.767556
-1.338474
 78.784986
-1.329233
 78.802162
-1.319552
 78.819114
-1.309456
 78.835866
-1.298966
 78.852440
-1.288104
 78.868854
-1.276891
 78.885124
-1.265347
 78.901263
-1.253492
 78.917283
-1.241345
 78.933196
-1.228924
 78.949011
-1.216248
 78.964737
-1.203335
 78.980382
-1.190203
 78.995954
-1.176869
 79.011459
-1.163351
 79.026905
-1.149666
 79.042297
-1.135830
 79.057641
-1.121862
 79.072943
-1.107778
 79.088207
-1.093594
 79.103440
-1.079328
 79.118645
-1.064996
 79.133827
-1.050614
 79.148992
-1.036199
 79.164143
-1.021768
 79.179285
-1.007337
 79.194423
-0.992922
 79.209559
-0.978541
 79.224700
-0.964209
 79.239850
-0.949942
 79.255012
-0.935758
 79.270191
-0.921674
 79.285391
-0.907704
 79.300619
-0.893867
 79.315877
-0.880178
 79.331171
-0.866656
 79.346507
-0.853315
 79.361889
-0.840175
 79.377323
-0.827251
 79.392815
-0.814561
 79.408371
-0.802123
 79.423999
-0.789954
 79.439705
-0.778072
 79.455496
-0.766496
 79.471383
-0.755244
 79.487373
-0.744336
 79.503476
-0.733791
 79.519705
-0.723628
 79.536072
-0.713870
 79.552591
-0.704538
 79.569278
-0.695654
 79.586152
-0.687242
 79.603235
-0.679329
 79.620553
-0.671941
 79.638137
-0.665108
 79.656027
-0.658865
 79.674269
-0.653249
 79.692928
-0.648304
 79.712088
-0.644085
 79.731869
-0.640661
 79.752454
-0.638128
 79.774148
-0.636642
 79.797563
-0.636538
 79.824459
-0.637918
 79.848766
-0.640461
 79.871431
-0.644236
 79.894243
-0.648830
 79.915461
-0.654152
 79.935626
-0.660142
 79.955041
-0.666754
 79.973879
-0.673946
 79.992252
-0.681683
 80.010239
