0.999950
 0.010000
0.998730
 0.051581
0.996017
 0.093162
0.991993
 0.134812
0.986826
 0.176626
0.980671
 0.218705
0.973675
 0.261157
0.965969
 0.304107
0.957673
 0.347700
0.948895
 0.392116
0.939723
 0.437589
0.930223
 0.484441
0.920424
 0.533150
0.910293
 0.584516
0.899649
 0.640141
0.887762
 0.704797
0.877464
 0.763110
0.868405
 0.815903
0.859461
 0.868779
0.851026
 0.918481
0.842764
 0.966089
0.834414
 1.012288
0.825759
 1.057487
0.816603
 1.101965
0.806757
 1.145930
0.796032
 1.189551
0.784235
 1.232973
0.771167
 1.276331
0.756619
 1.319751
0.740366
 1.363364
0.722163
 1.407312
0.701735
 1.451753
0.678765
 1.496879
0.652869
 1.542933
0.623557
 1.590245
0.590150
 1.639312
0.551585
 1.690962
0.505828
 1.746901
0.446843
 1.812551
0.391546
 1.869102
0.338124
 1.920222
0.281558
 1.971390
0.225811
 2.019444
0.170408
 2.065336
0.115046
 2.109703
0.059626
 2.152928
0.004142
 2.195267
-0.051356
 2.236906
-0.106791
 2.277989
-0.162063
 2.318635
-0.217061
 2.358941
-0.271662
 2.398993
-0.325737
 2.438871
-0.379149
 2.478644
-0.431758
 2.518384
-0.483419
 2.558157
-0.533981
 2.598033
-0.583294
 2.638083
-0.631199
 2.678384
-0.677538
 2.719021
-0.722145
 2.760089
-0.764851
 2.801701
-0.805481
 2.843993
-0.843851
 2.887139
-0.879769
 2.931366
-0.913027
 2.976994
-0.943400
 3.024508
-0.970641
 3.074737
-0.994483
 3.129404
-1.014806
 3.194115
-1.025425
 3.249555
-1.029882
 3.305178
-1.028715
 3.355468
-1.023297
 3.402661
-1.014339
 3.447939
-1.002309
 3.491881
-0.987566
 3.534832
-0.970408
 3.577027
-0.951091
 3.618641
-0.929847
 3.659811
-0.906889
 3.700650
-0.882412
 3.741255
-0.856602
 3.781715
-0.829631
 3.822110
-0.801666
 3.862517
-0.772863
 3.903013
-0.743369
 3.943677
-0.713327
 3.984592
-0.682866
 4.025848
-0.652109
 4.067546
-0.621165
 4.109804
-0.590131
 4.152765
-0.559084
 4.196607
-0.528073
 4.241564
-0.497108
 4.287965
-0.466123
 4.336303
-0.434907
 4.387417
-0.402864
 4.443031
-0.367720
 4.508630
-0.339471
 4.565707
-0.313132
 4.623173
-0.291027
 4.675086
-0.271571
 4.723876
-0.253919
 4.770780
-0.237581
 4.816404
-0.222202
 4.861115
-0.207494
 4.905167
-0.193204
 4.948754
-0.179100
 4.992035
-0.164964
 5.035146
-0.150582
 5.078215
-0.135741
 5.121364
-0.120227
 5.164719
-0.103817
 5.208413
-0.086274
 5.252599
-0.067336
 5.297458
-0.046707
 5.343217
-0.024026
 5.390183
0.001179
 5.438804
0.029603
 5.489808
0.062474
 5.544607
0.102909
 5.607069
0.143699
 5.665720
0.182552
 5.718400
0.223407
 5.771166
0.263058
 5.820354
0.302001
 5.867165
0.340516
 5.912354
0.378684
 5.956356
0.416496
 5.999454
0.453898
 6.041853
0.490804
 6.083711
0.527110
 6.125154
0.562701
 6.166292
0.597447
 6.207220
0.631211
 6.248025
0.663851
 6.288791
0.695212
 6.329599
0.725138
 6.370532
0.753460
 6.411677
0.780004
 6.453128
0.804584
 6.494992
0.826999
 6.537393
0.847034
 6.580482
0.864447
 6.624449
0.878959
 6.669552
0.890235
 6.716156
0.897836
 6.764835
0.901121
 6.816618
0.898902
 6.873880
0.888929
 6.938834
0.874879
 6.992182
0.855640
 7.045627
0.833517
 7.094849
0.808887
 7.141405
0.781970
 7.186213
0.752986
 7.229764
0.722148
 7.272364
0.689655
 7.314229
0.655699
 7.355520
0.620461
 7.396366
0.584117
 7.436873
0.546839
 7.477134
0.508792
 7.517230
0.470137
 7.557239
0.431032
 7.597233
0.391630
 7.637284
0.352081
 7.677463
0.312529
 7.717847
0.273118
 7.758518
0.233981
 7.799564
0.195249
 7.841089
0.157045
 7.883215
0.119482
 7.926089
0.082659
 7.969902
0.046656
 8.014908
0.011518
 8.061469
-0.022774
 8.110149
-0.056386
 8.161953
-0.089932
 8.219141
-0.126876
 8.291331
-0.150552
 8.345197
-0.171057
 8.399206
-0.187279
 8.449171
-0.200389
 8.496613
-0.211087
 8.542422
-0.219833
 8.587082
-0.226970
 8.630901
-0.232784
 8.674102
-0.237526
 8.716854
-0.241421
 8.759299
-0.244680
 8.801557
-0.247503
 8.843741
-0.250080
 8.885955
-0.252600
 8.928306
-0.255248
 8.970903
-0.258209
 9.013867
-0.261671
 9.057335
-0.265830
 9.101470
-0.270894
 9.146475
-0.277093
 9.192621
-0.284701
 9.240295
-0.294072
 9.290099
-0.305740
 9.343123
-0.320778
 9.401918
-0.339952
 9.466881
-0.357955
 9.521180
-0.377679
 9.575638
-0.397189
 9.625876
-0.416655
 9.673466
-0.436137
 9.719323
-0.455588
 9.763944
-0.474916
 9.807646
-0.494009
 9.850650
-0.512739
 9.893129
-0.530970
 9.935221
-0.548557
 9.977044
-0.565350
 10.018703
-0.581191
 10.060296
-0.595916
 10.101917
-0.609354
 10.143662
-0.621325
 10.185631
-0.631637
 10.227933
-0.640087
 10.270691
-0.646449
 10.314050
-0.650473
 10.358192
-0.651869
 10.403353
-0.650282
 10.449859
-0.645244
 10.498207
-0.636068
 10.549238
-0.621516
 10.604706
-0.598091
 10.670376
-0.572994
 10.726122
-0.543110
 10.782110
-0.512243
 10.832706
-0.480163
 10.880138
-0.446759
 10.925595
-0.412089
 10.969660
-0.376273
 11.012683
-0.339445
 11.054903
-0.301754
 11.096497
-0.263347
 11.137601
-0.224378
 11.178331
-0.184999
 11.218782
-0.145363
 11.259041
-0.105623
 11.299187
-0.065932
 11.339294
-0.026441
 11.379436
0.012696
 11.419687
0.051329
 11.460122
0.089308
 11.500823
0.126481
 11.541880
0.162701
 11.583396
0.197817
 11.625492
0.231683
 11.668316
0.264153
 11.712054
0.295083
 11.756959
0.324335
 11.803389
0.351788
 11.851902
0.377359
 11.903488
0.401123
 11.960374
0.424351
 12.031917
0.436936
 12.085500
0.445529
 12.139212
0.450034
 12.188833
0.451421
 12.235887
0.450270
 12.281270
0.446976
 12.325466
0.441854
 12.368783
0.435165
 12.411437
0.427145
 12.453596
0.418007
 12.495392
0.407949
 12.536942
0.397160
 12.578346
0.385820
 12.619700
0.374102
 12.661094
0.362175
 12.702621
0.350204
 12.744376
0.338350
 12.786462
0.326771
 12.828995
0.315625
 12.872112
0.305070
 12.915978
0.295266
 12.960805
0.286376
 13.006880
0.278576
 13.054620
0.272060
 13.104699
0.267075
 13.158381
0.264004
 13.218906
0.263633
 13.279755
0.265476
 13.333113
0.269225
 13.386575
0.274265
 13.436289
0.280284
 13.483592
0.287057
 13.529296
0.294387
 13.573857
0.302090
 13.617572
0.309987
 13.660652
0.317906
 13.703266
0.325676
 13.745549
0.333126
 13.787620
0.340083
 13.829586
0.346373
 13.871549
0.351817
 13.913610
0.356232
 13.955874
0.359424
 13.998454
0.361191
 14.041475
0.361313
 14.085085
0.359547
 14.129470
0.355615
 14.174864
0.349176
 14.221599
0.339789
 14.270168
0.326797
 14.321413
0.309015
 14.377076
0.283064
 14.442822
0.256726
 14.498962
0.226510
 14.555397
0.196189
 14.606338
0.165334
 14.654078
0.133742
 14.699827
0.101421
 14.744180
0.068453
 14.787490
0.034951
 14.830001
0.001040
 14.871892
-0.033143
 14.913303
-0.067457
 14.954350
-0.101757
 14.995135
-0.135894
 15.035746
-0.169719
 15.076266
-0.203078
 15.116773
-0.235817
 15.157347
-0.267780
 15.198067
-0.298808
 15.239017
-0.328739
 15.280290
-0.357407
 15.321988
-0.384642
 15.364233
-0.410269
 15.407173
-0.434101
 15.450991
-0.455940
 15.495937
-0.475566
 15.542361
-0.492725
 15.590805
-0.507102
 15.642223
-0.518248
 15.698724
-0.525248
 15.768638
-0.525570
 15.822561
-0.521578
 15.876625
-0.514247
 15.926342
-0.504258
 15.973361
-0.492011
 16.018634
-0.477813
 16.062664
-0.461921
 16.105768
-0.444563
 16.148165
-0.425948
 16.190024
-0.406273
 16.231476
-0.385721
 16.272636
-0.364472
 16.313600
-0.342696
 16.354459
-0.320561
 16.395298
-0.298228
 16.436200
-0.275858
 16.477249
-0.253607
 16.518534
-0.231626
 16.560150
-0.210068
 16.602207
-0.189080
 16.644832
-0.168809
 16.688176
-0.149398
 16.732437
-0.130991
 16.777873
-0.113728
 16.824859
-0.097745
 16.873976
-0.083163
 16.926267
-0.070045
 16.984130
-0.059003
 17.049974
-0.052958
 17.104230
-0.049549
 17.158636
-0.048611
 17.208802
-0.049512
 17.256336
-0.051860
 17.302168
-0.055364
 17.346799
-0.059783
 17.390544
-0.064901
 17.433628
-0.070518
 17.476221
-0.076443
 17.518465
-0.082493
 17.560480
-0.088488
 17.602372
-0.094249
 17.644244
-0.099597
 17.686195
-0.104353
 17.728327
-0.108333
 17.770749
-0.111348
 17.813581
-0.113198
 17.856963
-0.113672
 17.901065
-0.112532
 17.946104
-0.109505
 17.992372
-0.104253
 18.040299
-0.096313
 18.090579
-0.084933
 18.144538
-0.068407
 18.205684
-0.048741
 18.264940
-0.028300
 18.317700
-0.005204
 18.370544
0.018483
 18.419732
0.042793
 18.466524
0.067718
 18.511702
0.093175
 18.555707
0.119050
 18.598827
0.145211
 18.641269
0.171521
 18.683192
0.197836
 18.724724
0.224008
 18.765976
0.249886
 18.807043
0.275316
 18.848018
0.300141
 18.888983
0.324201
 18.930026
0.347333
 18.971232
0.369369
 19.012694
0.390136
 19.054514
0.409454
 19.096807
0.427133
 19.139713
0.442970
 19.183402
0.456740
 19.228095
0.468188
 19.274100
0.477004
 19.321870
0.482779
 19.372164
0.484873
 19.426487
0.481879
 19.489208
0.474068
 19.546689
0.463039
 19.598211
0.448327
 19.649783
0.431375
 19.698104
0.412509
 19.744236
0.391953
 19.788865
0.369916
 19.832392
0.346593
 19.875084
0.322172
 19.917132
0.296831
 19.958688
0.270746
 19.999872
0.244084
 20.040789
0.217013
 20.081532
0.189695
 20.122186
0.162290
 20.162833
0.134957
 20.203552
0.107854
 20.244425
0.081134
 20.285540
0.054953
 20.326989
0.029463
 20.368881
0.004818
 20.411339
-0.018829
 20.454514
-0.041325
 20.498600
-0.062515
 20.543852
-0.082243
 20.590639
-0.100348
 20.639531
-0.116672
 20.691550
-0.131091
 20.749021
-0.143919
 20.822229
-0.149428
 20.875700
-0.151804
 20.929309
-0.151344
 20.978963
-0.148704
 21.026109
-0.144292
 21.071610
-0.138415
 21.115938
-0.131324
 21.159397
-0.123245
 21.202202
-0.114381
 21.244518
-0.104928
 21.286482
-0.095071
 21.328209
-0.084988
 21.369802
-0.074857
 21.411359
-0.064849
 21.452974
-0.055139
 21.494742
-0.045898
 21.536764
-0.037302
 21.579151
-0.029528
 21.622029
-0.022760
 21.665546
-0.017196
 21.709889
-0.013047
 21.755303
-0.010557
 21.802129
-0.010024
 21.850886
-0.011858
 21.902471
-0.016760
 21.958790
-0.026701
 22.026559
-0.038065
 22.082030
-0.052275
 22.137751
-0.067497
 22.188509
-0.083641
 22.236303
-0.100626
 22.282225
-0.118321
 22.326831
-0.136577
 22.370463
-0.155242
 22.413356
-0.174160
 22.455688
-0.193174
 22.497601
-0.212128
 22.539214
-0.230861
 22.580632
-0.249212
 22.621949
-0.267020
 22.663258
-0.284117
 22.704648
-0.300335
 22.746212
-0.315500
 22.788048
-0.329432
 22.830267
-0.341942
 22.872992
-0.352829
 22.916376
-0.361874
 22.960606
-0.368830
 23.005934
-0.373404
 23.052712
-0.375224
 23.101486
-0.373751
 23.153211
-0.368019
 23.209998
-0.354962
 23.280170
-0.340460
 23.334265
-0.322173
 23.388520
-0.302232
 23.438371
-0.280804
 23.485483
-0.258000
 23.530817
-0.233975
 23.574881
-0.208892
 23.617993
-0.182917
 23.660376
-0.156215
 23.702197
-0.128948
 23.743589
-0.101278
 23.784666
-0.073365
 23.825524
-0.045369
 23.866253
-0.017448
 23.906935
0.010239
 23.947652
0.037535
 23.988485
0.064281
 24.029519
0.090318
 24.070844
0.115487
 24.112563
0.139626
 24.154792
0.162570
 24.197672
0.184149
 24.241377
0.204188
 24.286136
0.222497
 24.332267
0.238871
 24.380249
0.253070
 24.430888
0.264792
 24.485830
0.273583
 24.550179
0.276939
 24.606867
0.276523
 24.658119
0.272959
 24.709418
0.266890
 24.757677
0.258785
 24.803875
0.248967
 24.848650
0.237698
 24.892384
0.225208
 24.935336
0.211704
 24.977694
0.197383
 25.019607
0.182429
 25.061200
0.167022
 25.102578
0.151336
 25.143839
0.135540
 25.185073
0.119802
 25.226371
0.104289
 25.267821
0.089165
 25.309521
0.074597
 25.351573
0.060752
 25.394097
0.047799
 25.437232
0.035914
 25.481150
0.025282
 25.526076
0.016103
 25.572314
0.008607
 25.620321
0.003079
 25.670847
-0.000074
 25.725378
-0.000027
 25.788151
0.003497
 25.846228
0.009418
 25.898342
0.017827
 25.950522
0.027792
 25.999386
0.039019
 26.046041
0.051298
 26.091194
0.064434
 26.135255
0.078244
 26.178499
0.092548
 26.221124
0.107177
 26.263286
0.121959
 26.305112
0.136728
 26.346715
0.151315
 26.388195
0.165553
 26.429645
0.179273
 26.471159
0.192305
 26.512830
0.204475
 26.554758
0.215602
 26.597053
0.225500
 26.639839
0.233971
 26.683266
0.240803
 26.727520
0.245755
 26.772847
0.248547
 26.819588
0.248825
 26.868269
0.246083
 26.919798
0.239430
 26.976127
0.226239
 27.044316
0.211571
 27.099294
0.193360
 27.154480
0.173850
 27.204857
0.153124
 27.252323
0.131251
 27.297936
0.108362
 27.342236
0.084608
 27.385558
0.060144
 27.428134
0.035128
 27.470135
0.009718
 27.511701
-0.015927
 27.552947
-0.041651
 27.593972
-0.067294
 27.634869
-0.092698
 27.675722
-0.117703
 27.716615
-0.142150
 27.757631
-0.165875
 27.798860
-0.188716
 27.840395
-0.210505
 27.882343
-0.231071
 27.924828
-0.250234
 27.967998
-0.267807
 28.012042
-0.283587
 28.057211
-0.297348
 28.103858
-0.308818
 28.152532
-0.317649
 28.204198
-0.323290
 28.261001
-0.324328
 28.331533
-0.320719
 28.385514
-0.313395
 28.439648
-0.303529
 28.489474
-0.291611
 28.536616
-0.277936
 28.582017
-0.262754
 28.626179
-0.246284
 28.669417
-0.228730
 28.711952
-0.210283
 28.753951
-0.191124
 28.795550
-0.171429
 28.836861
-0.151370
 28.877985
-0.131115
 28.919014
-0.110828
 28.960033
-0.090674
 29.001129
-0.070815
 29.042390
-0.051413
 29.083908
-0.032630
 29.125785
-0.014628
 29.168137
0.002427
 29.211101
0.018365
 29.254847
0.033008
 29.299593
0.046169
 29.345638
0.057638
 29.393427
0.067164
 29.443687
0.074417
 29.497838
0.078817
 29.559812
0.079169
 29.618182
0.076440
 29.670491
0.070957
 29.722869
0.063499
 29.771829
0.054456
 29.818531
0.044095
 29.863706
0.032644
 29.907777
0.020309
 29.951021
0.007280
 29.993639
-0.006260
 30.035790
-0.020132
 30.077601
-0.034164
 30.119185
-0.048185
 30.160641
-0.062026
 30.202065
-0.075517
 30.243548
-0.088489
 30.285183
-0.100768
 30.327071
-0.112180
 30.369317
-0.122544
 30.412046
-0.131670
 30.455405
-0.139358
 30.499574
-0.145383
 30.544792
-0.149493
 30.591390
-0.151371
 30.639868
-0.150586
 30.691079
-0.146411
 30.746804
-0.136928
 30.812936
-0.125106
 30.868933
-0.109847
 30.925215
-0.093276
 30.976163
-0.075507
 31.023995
-0.056628
 31.069889
-0.036780
 31.114428
-0.016121
 31.157964
0.005190
 31.200736
0.026992
 31.242926
0.049125
 31.284676
0.071429
 31.326103
0.093744
 31.367312
0.115910
 31.408396
0.137767
 31.449444
0.159151
 31.490541
0.179900
 31.531775
0.199848
 31.573238
0.218826
 31.615029
0.236660
 31.657261
0.253170
 31.700065
0.268166
 31.743604
0.281443
 31.788083
0.292774
 31.833782
0.301893
 31.881107
0.308465
 31.930710
0.312005
 31.983810
0.311598
 32.043479
0.306376
 32.104563
0.297996
 32.157495
0.286149
 32.210512
0.272219
 32.259730
0.256543
 32.306493
0.239344
 32.351621
0.220829
 32.395570
0.201192
 32.438632
0.180620
 32.481017
0.159290
 32.522886
0.137376
 32.564368
0.115046
 32.605573
0.092468
 32.646598
0.069805
 32.687534
0.047219
 32.728465
0.024874
 32.769475
0.002929
 32.810652
-0.018453
 32.852087
-0.039111
 32.893880
-0.058880
 32.936146
-0.077594
 32.979022
-0.095080
 33.022673
-0.111158
 33.067316
-0.125636
 33.113247
-0.138299
 33.160902
-0.148890
 33.210993
-0.157068
 33.264902
-0.162252
 33.326385
-0.163100
 33.384667
-0.160560
 33.437084
-0.155014
 33.489571
-0.147284
 33.538562
-0.137793
 33.585256
-0.126824
 33.630402
-0.114617
 33.674428
-0.101383
 33.717615
-0.087320
 33.760167
-0.072615
 33.802242
-0.057446
 33.843967
-0.041988
 33.885455
-0.026413
 33.926804
-0.010889
 33.968108
0.004415
 34.009458
0.019331
 34.050943
0.033692
 34.092660
0.047326
 34.134712
0.060061
 34.177218
0.071717
 34.220313
0.082107
 34.264169
0.091027
 34.309002
0.098254
 34.355110
0.103523
 34.402931
0.106495
 34.453181
0.106657
 34.507249
0.102940
 34.568919
0.095614
 34.627275
0.085958
 34.679714
0.073509
 34.732225
0.059544
 34.781232
0.044306
 34.827929
0.027968
 34.873067
0.010707
 34.917073
-0.007305
 34.960229
-0.025898
 35.002737
-0.044905
 35.044756
-0.064160
 35.086413
-0.083500
 35.127819
-0.102761
 35.169072
-0.121780
 35.210264
-0.140393
 35.251484
-0.158434
 35.292821
-0.175736
 35.334367
-0.192128
 35.376222
-0.207434
 35.418499
-0.221474
 35.461327
-0.234054
 35.504865
-0.244968
 35.549315
-0.253984
 35.594947
-0.260832
 35.642151
-0.265170
 35.691545
-0.266500
 35.744262
-0.263892
 35.803034
-0.256306
 35.866014
-0.246063
 35.919429
-0.232427
 35.972949
-0.216969
 36.022458
-0.199959
 36.069411
-0.181580
 36.114677
-0.162014
 36.158733
-0.141442
 36.201881
-0.120041
 36.244335
-0.097981
 36.286260
-0.075431
 36.327786
-0.052557
 36.369026
-0.029522
 36.410078
-0.006489
 36.451032
0.016381
 36.491974
0.038926
 36.532988
0.060984
 36.574160
0.082393
 36.615583
0.102989
 36.657356
0.122603
 36.699592
0.141066
 36.742427
0.158200
 36.786025
0.173817
 36.830599
0.187713
 36.876440
0.199658
 36.923972
0.209372
 36.973889
0.216469
 37.027516
0.220263
 37.088364
0.219624
 37.147416
0.215549
 37.199996
0.208290
 37.252650
0.198824
 37.301709
0.187559
 37.348420
0.174769
 37.393554
0.160686
 37.437549
0.145520
 37.480689
0.129465
 37.523180
0.112707
 37.565181
0.095425
 37.606820
0.077791
 37.648208
0.059975
 37.689444
0.042146
 37.730619
0.024469
 37.771822
0.007110
 37.813142
-0.009766
 37.854670
-0.025992
 37.896507
-0.041399
 37.938763
-0.055815
 37.981567
-0.069062
 38.025075
-0.080950
 38.069487
-0.091275
 38.115067
-0.099807
 38.162195
-0.106263
 38.211469
-0.110262
 38.263969
-0.111140
 38.322232
-0.107735
 38.386715
-0.101437
 38.440560
-0.092099
 38.494533
-0.080950
 38.544354
-0.068316
 38.591565
-0.054414
 38.637067
-0.039443
 38.681352
-0.023595
 38.724728
-0.007049
 38.767416
0.010020
 38.809581
0.027440
 38.851360
0.045044
 38.892866
0.062663
 38.934202
0.080134
 38.975461
0.097290
 39.016733
0.113965
 39.058108
0.129990
 39.099678
0.145196
 39.141544
0.159408
 39.183815
0.172444
 39.226621
0.184116
 39.270116
0.194220
 39.314498
0.202531
 39.360026
0.208785
 39.407076
0.212655
 39.456232
0.213673
 39.508543
0.210994
 39.566439
0.203169
 39.631691
0.192933
 39.685601
0.179381
 39.739644
0.164134
 39.789453
0.147439
 39.836607
0.129460
 39.882028
0.110375
 39.926211
0.090360
 39.969467
0.069585
 40.012019
0.048221
 40.054031
0.026434
 40.095639
0.004388
 40.136956
-0.017754
 40.178082
-0.039829
 40.219107
-0.061676
 40.260119
-0.083132
 40.301204
-0.104034
 40.342448
-0.124218
 40.383944
-0.143516
 40.425795
-0.161759
 40.468115
-0.178769
 40.511041
-0.194364
 40.554743
-0.208344
 40.599437
-0.220494
 40.645424
-0.230561
 40.693145
-0.238229
 40.743326
-0.243037
 40.797386
-0.244082
 40.859258
-0.240734
 40.917512
-0.234258
 40.969644
-0.224618
 41.021840
-0.212914
 41.070621
-0.199502
 41.117140
-0.184626
 41.162123
-0.168502
 41.205991
-0.151328
 41.249020
-0.133295
 41.291409
-0.114582
 41.333313
-0.095363
 41.374859
-0.075810
 41.416156
-0.056090
 41.457301
-0.036369
 41.498384
-0.016811
 41.539492
0.002419
 41.580712
0.021159
 41.622135
0.039241
 41.663858
0.056501
 41.705990
0.072768
 41.748657
0.087866
 41.792009
0.101610
 41.836239
0.113804
 41.881601
0.124226
 41.928455
0.132614
 41.977360
0.138622
 42.029305
0.141695
 42.086509
0.140274
 42.158199
0.135414
 42.212067
0.127403
 42.266091
0.117385
 42.315932
0.105740
 42.363147
0.092712
 42.408649
0.078519
 42.452930
0.063359
 42.496301
0.047421
 42.538982
0.030885
 42.581141
0.013924
 42.622913
-0.003289
 42.664412
-0.020587
 42.705741
-0.037802
 42.746992
-0.054770
 42.788256
-0.071322
 42.829623
-0.087292
 42.871184
-0.102510
 42.913040
-0.116803
 42.955300
-0.129994
 42.998093
-0.141895
 43.041573
-0.152309
 43.085935
-0.161017
 43.131438
-0.167766
 43.178454
-0.172246
 43.227558
-0.174018
 43.279785
-0.172309
 43.337498
-0.165638
 43.403362
-0.156474
 43.457407
-0.144080
 43.511593
-0.129985
 43.561496
-0.114454
 43.608723
-0.097663
 43.654209
-0.079791
 43.698454
-0.061019
 43.741771
-0.041519
 43.784384
-0.021461
 43.826459
-0.001013
 43.868133
0.019660
 43.909518
0.040394
 43.950716
0.061027
 43.991820
0.081394
 44.032915
0.101334
 44.074091
0.120680
 44.115435
0.139267
 44.157043
0.156926
 44.199018
0.173482
 44.241479
0.188755
 44.284569
0.202554
 44.328463
0.214674
 44.373391
0.224884
 44.419671
0.232910
 44.467780
0.238394
 44.518521
0.240785
 44.573527
0.238840
 44.637832
0.232907
 44.694638
0.224243
 44.745949
0.212570
 44.797309
0.199022
 44.845591
0.183904
 44.891781
0.167432
 44.936525
0.149807
 44.980209
0.131217
 45.023091
0.111844
 45.065361
0.091864
 45.107167
0.071446
 45.148634
0.050760
 45.189865
0.029970
 45.230957
0.009241
 45.271998
-0.011264
 45.313075
-0.031382
 45.354274
-0.050948
 45.395686
-0.069799
 45.437409
-0.087766
 45.479552
-0.104679
 45.522243
-0.120361
 45.565635
-0.134625
 45.609925
-0.147271
 45.655372
-0.158074
 45.702350
-0.166763
 45.751443
-0.172979
 45.803698
-0.176130
 45.861538
-0.174957
 45.926868
-0.170268
 45.980817
-0.162319
 46.034901
-0.152266
 46.084757
-0.140509
 46.131970
-0.127301
 46.177460
-0.112864
 46.221723
-0.097401
 46.265072
-0.081102
 46.307728
-0.064149
 46.349858
-0.046718
 46.391597
-0.028980
 46.433060
-0.011105
 46.474348
0.006740
 46.515555
0.024391
 46.556769
0.041680
 46.598080
0.058442
 46.639580
0.074509
 46.681364
0.089711
 46.723544
0.103871
 46.766243
0.116810
 46.809613
0.128334
 46.853843
0.138234
 46.899182
0.146272
 46.945984
0.152161
 46.994795
0.155510
 47.046569
0.155665
 47.103412
0.150746
 47.173562
0.143121
 47.227894
0.132256
 47.282402
0.119594
 47.332483
0.105437
 47.379827
0.089981
 47.425403
0.073419
 47.469723
0.055936
 47.513108
0.037710
 47.555783
0.018914
 47.597917
-0.000283
 47.639648
-0.019712
 47.681090
-0.039210
 47.722346
-0.058611
 47.763508
-0.077752
 47.804665
-0.096468
 47.845905
-0.114594
 47.887318
-0.131961
 47.929001
-0.148399
 47.971058
-0.163734
 48.013611
-0.177781
 48.056805
-0.190349
 48.100820
-0.201226
 48.145892
-0.210175
 48.192352
-0.216911
 48.240697
-0.221054
 48.291779
-0.221997
 48.347372
-0.218249
 48.413342
-0.210977
 48.469278
-0.200008
 48.525488
-0.187071
 48.576372
-0.172494
 48.624149
-0.156474
 48.669996
-0.139209
 48.714495
-0.120888
 48.757996
-0.101693
 48.800739
-0.081802
 48.842905
-0.061386
 48.884635
-0.040613
 48.926048
-0.019648
 48.967246
0.001342
 49.008324
0.022196
 49.049370
0.042750
 49.090469
0.062841
 49.131710
0.082304
 49.173183
0.100973
 49.214989
0.118679
 49.257241
0.135248
 49.300070
0.150500
 49.343640
0.164243
 49.388157
0.176266
 49.433901
0.186331
 49.481282
0.194142
 49.530953
0.199289
 49.584145
0.201027
 49.643957
0.198385
 49.704996
0.192545
 49.758004
0.183523
 49.811101
0.172462
 49.860412
0.159725
 49.907279
0.145558
 49.952521
0.130174
 49.996592
0.113773
 50.039786
0.096544
 50.082314
0.078666
 50.124336
0.060313
 50.165985
0.041658
 50.207370
0.022866
 50.248592
0.004106
 50.289742
-0.014459
 50.330909
-0.032664
 50.372181
-0.050342
 50.413648
-0.067328
 50.455409
-0.083452
 50.497572
-0.098540
 50.540262
-0.112414
 50.583632
-0.124883
 50.627873
-0.135741
 50.673236
-0.144757
 50.720081
-0.151650
 50.768962
-0.156044
 50.820858
-0.157312
 50.877952
-0.153631
 50.949157
-0.147013
 51.003152
-0.137193
 51.057309
-0.125481
 51.107209
-0.112213
 51.154448
-0.097606
 51.199955
-0.081862
 51.244229
-0.065172
 51.287583
-0.047718
 51.330238
-0.029677
 51.372364
-0.011220
 51.414094
0.007484
 51.455544
0.026270
 51.496815
0.044970
 51.538000
0.063422
 51.579188
0.081459
 51.620468
0.098915
 51.661929
0.115623
 51.703671
0.131411
 51.745798
0.146104
 51.788437
0.159518
 51.831734
0.171458
 51.875876
0.181714
 51.921107
0.190043
 51.967772
0.196155
 52.016397
0.199654
 52.067898
0.199889
 52.124246
0.195092
 52.192648
0.187269
 52.247547
0.175987
 52.302649
0.162829
 52.353011
0.148103
 52.400501
0.132004
 52.446161
0.114725
 52.490530
0.096452
 52.533938
0.077366
 52.576616
0.057641
 52.618738
0.037447
 52.660442
0.016950
 52.701844
-0.003683
 52.743047
-0.024288
 52.784143
-0.044702
 52.825220
-0.064761
 52.866364
-0.084302
 52.907665
-0.103159
 52.949216
-0.121165
 52.991118
-0.138148
 53.033488
-0.153932
 53.076463
-0.168330
 53.120213
-0.181146
 53.164957
-0.192159
 53.210995
-0.201114
 53.258771
-0.207688
 53.309017
-0.211406
 53.363162
-0.211311
 53.425192
-0.207009
 53.483417
-0.199786
 53.535531
-0.189497
 53.587710
-0.177272
 53.636491
-0.163442
 53.683018
-0.148234
 53.728014
-0.131855
 53.771896
-0.114499
 53.814941
-0.096350
 53.857348
-0.077584
 53.899271
-0.058375
 53.940838
-0.038891
 53.982157
-0.019300
 54.023325
0.000234
 54.064434
0.019546
 54.105570
0.038472
 54.146821
0.056847
 54.188278
0.074505
 54.230040
0.091276
 54.272215
0.106988
 54.314932
0.121462
 54.358343
0.134508
 54.402644
0.145921
 54.448094
0.155467
 54.495064
0.162866
 54.544130
0.167737
 54.596328
0.169441
 54.654029
0.166647
 54.719821
0.160644
 54.773855
0.151397
 54.828028
0.140176
 54.877932
0.127339
 54.925171
0.113115
 54.970676
0.097715
 55.014948
0.081332
 55.058299
0.064153
 55.100952
0.046355
 55.143075
0.028112
 55.184803
0.009593
 55.226250
-0.009034
 55.267519
-0.027604
 55.308702
-0.045952
 55.349888
-0.063911
 55.391166
-0.081317
 55.432626
-0.098002
 55.474365
-0.113796
 55.516491
-0.128522
 55.559127
-0.142000
 55.602422
-0.154036
 55.646561
-0.164422
 55.691788
-0.172920
 55.738447
-0.179244
 55.787063
-0.183009
 55.838547
-0.183584
 55.894859
-0.179283
 55.963118
-0.171893
 56.018093
-0.161079
 56.073275
-0.148386
 56.123685
-0.134130
 56.171210
-0.118510
 56.216900
-0.101722
 56.261296
-0.083953
 56.304731
-0.065383
 56.347436
-0.046188
 56.389585
-0.026538
 56.431316
-0.006601
 56.472748
0.013459
 56.513980
0.033476
 56.555108
0.053286
 56.596220
0.072726
 56.637402
0.091632
 56.678743
0.109836
 56.720339
0.127170
 56.762291
0.143462
 56.804718
0.158533
 56.847759
0.172196
 56.891587
0.184247
 56.936424
0.194464
 56.982579
0.202580
 57.030510
0.208257
 57.080977
0.210984
 57.135492
0.209673
 57.198443
0.204301
 57.256131
0.196174
 57.307909
0.185042
 57.359745
0.172051
 57.408323
0.157511
 57.454717
0.141637
 57.499616
0.124630
 57.543424
0.106679
 57.586409
0.087966
 57.628768
0.068666
 57.670651
0.048949
 57.712185
0.028984
 57.753476
0.008936
 57.794622
-0.011030
 57.835712
-0.030750
 57.876834
-0.050060
 57.918075
-0.068796
 57.959525
-0.086790
 58.001284
-0.103875
 58.043461
-0.119877
 58.086184
-0.134615
 58.129607
-0.147901
 58.173927
-0.159526
 58.219406
-0.169257
 58.266418
-0.176810
 58.315549
-0.181800
 58.367856
-0.183571
 58.425787
-0.180834
 58.490885
-0.174850
 58.544788
-0.165600
 58.598822
-0.154343
 58.648646
-0.141444
 58.695832
-0.127134
 58.741297
-0.111625
 58.785535
-0.095113
 58.828858
-0.077786
 58.871486
-0.059821
 58.913586
-0.041392
 58.955293
-0.022669
 58.996720
-0.003820
 59.037970
0.014990
 59.079135
0.033595
 59.120303
0.051831
 59.161562
0.069532
 59.203003
0.086531
 59.244723
0.102658
 59.286829
0.117739
 59.329443
0.131595
 59.372713
0.144034
 59.416824
0.154851
 59.462019
0.163811
 59.508637
0.170637
 59.557199
0.174957
 59.608604
0.176171
 59.664771
0.172722
 59.732535
0.165998
 59.787716
0.155838
 59.843117
0.143751
 59.893638
0.130075
 59.941232
0.115018
 59.986973
0.098780
 60.031410
0.081552
 60.074880
0.063516
 60.117616
0.044849
 60.159793
0.025721
 60.201552
0.006302
 60.243009
-0.013243
 60.284267
-0.032748
 60.325420
-0.052050
 60.366557
-0.070983
 60.407765
-0.089383
 60.449134
-0.107084
 60.490758
-0.123916
 60.532741
-0.139705
 60.575201
-0.154273
 60.618280
-0.167431
 60.662150
-0.178974
 60.707038
-0.188677
 60.753254
-0.196270
 60.801264
-0.201406
 60.851842
-0.203557
 60.906542
-0.201565
 60.969959
-0.195639
 61.027365
-0.187056
 61.078998
-0.175514
 61.130686
-0.162168
 61.179178
-0.147312
 61.225517
-0.131158
 61.270378
-0.113901
 61.314158
-0.095728
 61.357122
-0.076819
 61.399465
-0.057348
 61.441337
-0.037483
 61.482863
-0.017394
 61.524149
0.002756
 61.565293
0.022801
 61.606384
0.042578
 61.647509
0.061923
 61.688756
0.080671
 61.730215
0.098655
 61.771986
0.115706
 61.814178
0.131650
 61.856921
0.146306
 61.900370
0.159482
 61.944723
0.170969
 61.990245
0.180528
 62.037316
0.187870
 62.086531
0.192598
 62.138974
0.194024
 62.197184
0.190908
 62.261539
0.184597
 62.315294
0.175014
 62.369171
0.163431
 62.418907
0.150205
 62.466036
0.135566
 62.511457
0.119723
 62.555659
0.102874
 62.598951
0.085202
 62.641551
0.066887
 62.683625
0.048101
 62.725308
0.029016
 62.766713
0.009797
 62.807941
-0.009390
 62.849084
-0.028379
 62.890230
-0.047007
 62.931467
-0.065107
 62.972885
-0.082514
 63.014581
-0.099059
 63.056661
-0.114568
 63.099247
-0.128862
 63.142486
-0.141753
 63.186561
-0.153036
 63.231712
-0.162482
 63.278278
-0.169818
 63.326771
-0.174683
 63.378074
-0.176503
 63.434061
-0.173838
 63.501237
-0.167708
 63.556665
-0.158098
 63.612328
-0.146503
 63.662977
-0.133282
 63.710645
-0.118651
 63.756437
-0.102816
 63.800913
-0.085971
 63.844414
-0.068300
 63.887176
-0.049982
 63.929375
-0.031188
 63.971152
-0.012088
 64.012625
0.007152
 64.053898
0.026365
 64.095063
0.045387
 64.136212
0.064054
 64.177430
0.082201
 64.218808
0.099660
 64.260440
0.116263
 64.302430
0.131836
 64.344897
0.146200
 64.387981
0.159167
 64.431855
0.170533
 64.476745
0.180072
 64.522963
0.187516
 64.570972
0.192517
 64.621546
0.194550
 64.676231
0.192461
 64.739597
0.186474
 64.797049
0.177857
 64.848710
0.166304
 64.900427
0.152968
 64.948940
0.138141
 64.995295
0.122032
 65.040169
0.104836
 65.083962
0.086738
 65.126938
0.067918
 65.169292
0.048549
 65.211174
0.028800
 65.252711
0.008839
 65.294008
-0.011169
 65.335163
-0.031060
 65.376266
-0.050670
 65.417403
-0.069834
 65.458662
-0.088389
 65.500135
-0.106166
 65.541921
-0.122995
 65.584130
-0.138702
 65.626891
-0.153104
 65.670362
-0.166009
 65.714741
-0.177204
 65.760294
-0.186448
 65.807406
-0.193445
 65.856678
-0.197787
 65.909209
-0.198757
 65.967597
-0.195154
 66.031519
-0.188433
 66.085184
-0.178443
 66.138966
-0.166479
 66.188649
-0.152887
 66.235741
-0.137892
 66.281136
-0.121700
 66.325315
-0.104505
 66.368587
-0.086493
 66.411169
-0.067841
 66.453227
-0.048720
 66.494893
-0.029302
 66.536282
-0.009752
 66.577494
0.009765
 66.618620
0.029083
 66.659750
0.048038
 66.700970
0.066466
 66.742369
0.084201
 66.784045
0.101073
 66.826103
0.116911
 66.868666
0.131535
 66.911878
0.144757
 66.955921
0.156374
 67.001036
0.166160
 67.047555
0.173843
 67.095986
0.179069
 67.147200
0.181281
 67.203030
0.179111
 67.269715
0.173342
 67.325355
0.164042
 67.381246
0.152710
 67.432002
0.139720
 67.479729
0.125294
 67.525560
0.109642
 67.570065
0.092960
 67.613586
0.075433
 67.656364
0.057242
 67.698575
0.038558
 67.740360
0.019553
 67.781839
0.000392
 67.823115
-0.018758
 67.864282
-0.037732
 67.905429
-0.056365
 67.946644
-0.074494
 67.988017
-0.091950
 68.029641
-0.108566
 68.071621
-0.124168
 68.114074
-0.138578
 68.157140
-0.151609
 68.200992
-0.163057
 68.245853
-0.172700
 68.292032
-0.180271
 68.339987
-0.185431
 68.390479
-0.187666
 68.445022
-0.185873
 68.508009
-0.180143
 68.565710
-0.171762
 68.617507
-0.160441
 68.669362
-0.147331
 68.717960
-0.132730
 68.764373
-0.116846
 68.809291
-0.099876
 68.853118
-0.082005
 68.896124
-0.063414
 68.938502
-0.044275
 68.980407
-0.024759
 69.021962
-0.005032
 69.063277
0.014740
 69.104447
0.034392
 69.145563
0.053761
 69.186713
0.072681
 69.227985
0.090988
 69.269469
0.108515
 69.311265
0.125090
 69.353484
0.140538
 69.396255
0.154677
 69.439736
0.167312
 69.484124
0.178230
 69.529687
0.187188
 69.576809
0.193887
 69.626094
0.197911
 69.678641
0.198528
 69.737058
0.194547
 69.800922
0.187513
 69.854575
0.177215
 69.908345
0.164971
 69.958020
0.151117
 70.005108
0.135873
 70.050497
0.119443
 70.094672
0.102020
 70.137940
0.083786
 70.180517
0.064919
 70.222569
0.045591
 70.264230
0.025971
 70.305613
0.006224
 70.346818
-0.013483
 70.387938
-0.032987
 70.429059
-0.052124
 70.470270
-0.070728
 70.511659
-0.088633
 70.553324
-0.105672
 70.595369
-0.121671
 70.637917
-0.136452
 70.681112
-0.149826
 70.725135
-0.161592
 70.770225
-0.171521
 70.816713
-0.179345
 70.865103
-0.184710
 70.916256
-0.187064
 70.971980
-0.185073
 71.038340
-0.179412
 71.094124
-0.170180
 71.150170
-0.158892
 71.200996
-0.145927
 71.248760
-0.131510
 71.294615
-0.115853
 71.339134
-0.099151
 71.382666
-0.081593
 71.425450
-0.063356
 71.467664
-0.044615
 71.509450
-0.025540
 71.550928
-0.006298
 71.592200
0.012944
 71.633361
0.032023
 71.674500
0.050773
 71.715705
0.069030
 71.757065
0.086628
 71.798674
0.103397
 71.840636
0.119166
 71.883067
0.133757
 71.926106
0.146983
 71.969924
0.158644
 72.014744
0.168518
 72.060869
0.176343
 72.108752
0.181787
 72.159137
0.184352
 72.213498
0.182994
 72.276019
0.177639
 72.334013
0.169580
 72.385979
0.158562
 72.438007
0.145736
 72.486708
0.131404
 72.533190
0.115779
 72.578159
0.099059
 72.622025
0.081431
 72.665062
0.063075
 72.707467
0.044165
 72.749393
0.024872
 72.790967
0.005363
 72.832297
-0.014196
 72.873481
-0.033641
 72.914608
-0.052807
 72.955767
-0.071530
 72.997045
-0.089644
 73.038535
-0.106982
 73.080334
-0.123372
 73.122555
-0.138640
 73.165325
-0.152603
 73.208802
-0.165065
 73.253184
-0.175814
 73.298737
-0.184606
 73.345843
-0.191142
 73.395103
-0.195004
 73.447607
-0.195462
 73.505930
-0.191299
 73.570030
-0.184121
 73.623733
-0.173681
 73.677556
-0.161314
 73.727261
-0.147351
 73.774367
-0.132008
 73.819769
-0.115488
 73.863954
-0.097983
 73.907229
-0.079675
 73.949812
-0.060739
 73.991869
-0.041349
 74.033533
-0.021672
 74.074918
-0.001876
 74.116125
0.017877
 74.157244
0.037420
 74.198365
0.056590
 74.239575
0.075222
 74.280962
0.093151
 74.322624
0.110206
 74.364665
0.126217
 74.407207
0.141002
 74.450395
0.154375
 74.494409
0.166132
 74.539488
0.176046
 74.585961
0.183846
 74.634330
0.189177
 74.685453
0.191487
 74.741123
0.189442
 74.807321
0.183712
 74.863178
0.174386
 74.919302
0.163000
 74.970163
0.149934
 75.017944
0.135412
 75.063808
0.119642
 75.108333
0.102822
 75.151867
0.085140
 75.194651
0.066773
 75.236864
0.047897
 75.278647
0.028680
 75.320120
0.009291
 75.361386
-0.010106
 75.402539
-0.029345
 75.443669
-0.048262
 75.484863
-0.066692
 75.526210
-0.084469
 75.567804
-0.101425
 75.609747
-0.117388
 75.652157
-0.132181
 75.695171
-0.145618
 75.738960
-0.157501
 75.783742
-0.167607
 75.829819
-0.175680
 75.877638
-0.181392
 75.927931
-0.184257
 75.982136
-0.183278
 76.044271
-0.178253
 76.102480
-0.170467
 76.154593
-0.159698
 76.206770
-0.147098
 76.255558
-0.132975
 76.302097
-0.117545
 76.347107
-0.101008
 76.391005
-0.083552
 76.434067
-0.065357
 76.476491
-0.046600
 76.518434
-0.027450
 76.560020
-0.008076
 76.601360
0.011357
 76.642551
0.030683
 76.683684
0.049739
 76.724846
0.068360
 76.766125
0.086380
 76.807614
0.103631
 76.849410
0.119944
 76.891626
0.135142
 76.934388
0.149043
 76.977853
0.161453
 77.022219
0.172158
 77.067750
0.180917
 77.114825
0.187431
 77.164038
0.191288
 77.216468
0.191764
 77.274636
0.187604
 77.339129
0.180434
 77.392912
0.170001
 77.446820
0.157647
 77.496572
0.143704
 77.543707
0.128387
 77.589131
0.111897
 77.633332
0.094425
 77.676621
0.076155
 77.719215
0.057262
 77.761281
0.037917
 77.802953
0.018289
 77.844345
-0.001455
 77.885558
-0.021151
 77.926682
-0.040634
 77.967807
-0.059741
 78.009020
-0.078306
 78.050411
-0.096163
 78.092075
-0.113143
 78.134117
-0.129074
 78.176660
-0.143775
 78.219848
-0.157059
 78.263862
-0.168721
 78.308939
-0.178533
 78.355409
-0.186223
 78.403774
-0.191436
 78.454889
-0.193611
 78.510544
-0.191404
 78.576694
-0.185530
 78.632571
-0.176050
 78.688719
-0.164520
 78.739589
-0.151316
 78.787374
-0.136657
 78.833239
-0.120752
 78.877764
-0.103798
 78.921298
-0.085981
 78.964079
-0.067480
 79.006289
-0.048468
 79.048069
-0.029115
 79.089537
-0.009588
 79.130797
0.009946
 79.171945
0.029324
 79.213067
0.048382
 79.254253
0.066953
 79.295591
0.084874
 79.337174
0.101975
 79.379105
0.118085
 79.421501
0.133027
 79.464498
0.146616
 79.508266
0.158652
 79.553024
0.168918
 79.599071
0.177155
 79.646848
0.183040
 79.697083
0.186093
 79.751190
0.185344
 79.813088
0.180519
 79.871395
0.172891
 79.923601
0.162259
 79.975873
0.149778
 80.024717
