7.430119735862478
8.74837691342758
0.7055190965317502
12.78829361650028
10.007978977534737
3.594931840990697
6.948434659787895
1.5550547425254193
1.1430464010710244
6.6224250064293235
4.60955213603352
6.20305908443201
0.1728174274933529
0.954915640310183
5.5157800999788265
10.758648994356902
9.543739109073657
4.8179961223946135
3.917852688009452
0.02669572864096416
7.204454868788891
10.66603568539463
19.19642094387761
14.836807393263246
5.058759078861767
4.33449387841901
2.3443417994997966
8.956375138008573
6.72910699412589
4.471089504558894
1.4780300651356006
2.6407524676127454
2.586134015178355
3.4842464527354955
10.433280400734466
3.7667986355097414
4.949797462630527
0.2095422453589503
8.212114204819148
1.185249615740078
3.0251567385097347
2.345714536546332
2.651751348887044
7.889957690298117
4.509201156773714
0.5704742735986428
8.577104481856049
0.6104598564821109
1.6404124307142154
4.779645484967058
