5.195457658422849
4.103311474086306
2.592112390121757
2.389663275220418
6.190577668805132
9.17641779343407
0.660356522499728
5.123819797934268
5.727981070246588
3.6551073222117334
6.480735206035811
2.0827998264361183
5.682553520844641
3.8883458819139753
11.427888675303942
6.267387578680971
6.417596002895751
1.5874162903670828
4.3592267773224105
6.1195968445441755
8.558478369261305
10.073729549450603
6.158245218539275
1.5237444942022007
14.285826658603298
6.925711407188935
3.1326186371605957
1.475531327803997
2.892848283256489
2.09661701203218
2.663766570863987
3.0568724607826843
0.45726781175942116
3.7269351465921923
1.2913467149709386
2.4533534824609142
8.55215824884964
7.5330538549304595
1.9223913130079753
10.465479345952517
7.1011205845193395
4.050173765757212
3.6799286333810595
6.492288835307048
14.629185581727759
4.79502803414353
3.5392659719083857
6.634401929705247
3.921783420110445
1.6072913402951785
