2.8577086152825864
10.40003279303149
7.33496060754581
1.5558424861629603
1.8432600641189476
0.7156056886796484
8.25532557835247
6.858321828836606
5.778698731903391
6.319661318191887
1.6211233935437452
2.8885170181680735
1.9351850666327646
1.467080914856866
0.21452605973654673
2.2060150711818545
0.828543981351628
1.9058742926980514
2.9642811400997875
5.1143306134406785
2.919495087753876
3.675516125156983
2.860308056359308
6.642576368862683
4.97809111456374
4.510569083280984
9.884383499676652
5.9739751657920825
1.3926529076293024
9.107359015305912
2.2293717322853697
7.687563495219782
12.914958155434002
3.843792604232026
14.458720274050512
4.45990620512802
6.792013941888936
0.09688495092138329
2.48420510464433
1.4908080830952912
16.826601641626038
3.2372114489996813
1.4177995531941978
2.8287361293299904
0.8806848919847416
7.605031373222631
6.573311719689946
9.662283958322757
4.176724877398534
7.313695010148531
