4.5396240937919226
5.315349129458872
1.3839835730428847
2.7001983757855337
7.6077636251491505
2.5512211636740427
3.6426677322399525
7.32551374549926
2.6719889034602327
6.486722935132849
4.289203463918928
2.0849634185292967
4.416411955656566
8.937693531734443
0.9523701513320325
10.402817426593465
1.3291288814191071
3.0064917065147956
2.677840710178846
4.0074232873603695
1.9049027391276414
3.7118241413781563
1.5536097151049884
0.2538414801628615
2.958011046355338
9.8032836267301
1.9867630626904949
3.376746213867761
2.6855555895279233
6.54450027319837
1.0951031013630363
0.8972314957682492
0.9108977910746726
7.406538068242871
1.8942837901425338
1.5759755798194084
3.7295833855009195
9.509159248752749
4.461394257495149
4.083947733163185
8.7682787582723
3.6753665418732417
2.2006292110483625
3.7509878766794342
17.334407925251693
7.152985052994463
7.609621784576839
4.870886333217472
10.415256574808994
2.885885422838236
